                  上证指数 (999999)
      时间	    开盘	    最高	    最低	    收盘	         成交量	
 2019/05/24-09:51	 2861.54	 2861.79	 2859.89	 2860.63	         102659	
 2019/05/24-09:52	 2859.97	 2859.97	 2858.45	 2859.95	         104225	
 2019/05/24-09:53	 2859.56	 2861.67	 2859.56	 2861.52	         118212	
 2019/05/24-09:54	 2860.84	 2861.61	 2860.78	 2860.93	         102127	
 2019/05/24-09:55	 2861.35	 2863.02	 2860.92	 2863.02	          94203	
 2019/05/24-09:56	 2862.88	 2868.20	 2862.88	 2867.52	         156561	
 2019/05/24-09:57	 2867.51	 2867.96	 2866.94	 2866.94	         109495	
 2019/05/24-09:58	 2867.13	 2867.17	 2863.63	 2864.00	          97687	
 2019/05/24-09:59	 2862.26	 2862.33	 2860.16	 2860.16	         104300	
 2019/05/24-10:00	 2860.53	 2862.58	 2860.53	 2861.37	          76283	
 2019/05/24-10:01	 2861.81	 2862.31	 2860.51	 2860.51	          75122	
 2019/05/24-10:02	 2861.24	 2861.24	 2860.01	 2860.48	          72294	
 2019/05/24-10:03	 2860.16	 2860.43	 2859.63	 2859.63	          70655	
 2019/05/24-10:04	 2859.73	 2860.67	 2859.63	 2860.53	          70921	
 2019/05/24-10:05	 2860.09	 2860.64	 2859.89	 2860.09	          66486	
 2019/05/24-10:06	 2859.92	 2860.11	 2855.96	 2855.96	         103578	
 2019/05/24-10:07	 2855.90	 2856.57	 2855.39	 2856.15	         130524	
 2019/05/24-10:08	 2856.11	 2856.47	 2854.11	 2854.33	          94192	
 2019/05/24-10:09	 2854.09	 2855.30	 2853.26	 2855.30	          95967	
 2019/05/24-10:10	 2855.26	 2855.26	 2853.14	 2853.14	          77917	
 2019/05/24-10:11	 2852.55	 2852.59	 2850.04	 2850.04	         106009	
 2019/05/24-10:12	 2848.97	 2849.05	 2847.54	 2849.05	         136327	
 2019/05/24-10:13	 2848.42	 2848.55	 2847.98	 2848.36	         111429	
 2019/05/24-10:14	 2848.39	 2853.64	 2848.39	 2853.64	         117092	
 2019/05/24-10:15	 2853.85	 2855.02	 2853.82	 2854.21	          82630	
 2019/05/24-10:16	 2854.13	 2854.13	 2853.06	 2853.46	          57969	
 2019/05/24-10:17	 2853.01	 2853.62	 2852.67	 2852.67	          66330	
 2019/05/24-10:18	 2852.57	 2854.61	 2852.57	 2854.58	          58215	
 2019/05/24-10:19	 2854.88	 2855.20	 2854.18	 2854.95	          57157	
 2019/05/24-10:20	 2854.86	 2855.58	 2854.84	 2855.05	          64880	
 2019/05/24-10:21	 2855.29	 2855.83	 2855.29	 2855.66	          56852	
 2019/05/24-10:22	 2856.00	 2856.41	 2855.19	 2855.19	          58536	
 2019/05/24-10:23	 2855.16	 2855.50	 2854.47	 2854.47	          51530	
 2019/05/24-10:24	 2854.81	 2854.81	 2853.51	 2853.51	          49480	
 2019/05/24-10:25	 2853.53	 2853.55	 2852.36	 2852.50	          46590	
 2019/05/24-10:26	 2852.82	 2852.82	 2851.72	 2851.72	          49348	
 2019/05/24-10:27	 2852.01	 2854.53	 2851.25	 2854.53	          82948	
 2019/05/24-10:28	 2854.60	 2855.41	 2854.15	 2855.06	          81113	
 2019/05/24-10:29	 2854.60	 2855.30	 2854.08	 2854.08	          56108	
 2019/05/24-10:30	 2854.69	 2854.69	 2853.17	 2853.17	          77135	
 2019/05/24-10:31	 2853.11	 2853.23	 2851.99	 2852.25	          60037	
 2019/05/24-10:32	 2852.46	 2852.46	 2850.93	 2850.93	          54817	
 2019/05/24-10:33	 2850.76	 2850.84	 2849.87	 2850.53	          53335	
 2019/05/24-10:34	 2850.30	 2851.91	 2850.02	 2851.91	          57339	
 2019/05/24-10:35	 2851.78	 2852.11	 2851.54	 2852.11	          45701	
 2019/05/24-10:36	 2852.34	 2852.34	 2850.90	 2851.51	          45693	
 2019/05/24-10:37	 2850.98	 2850.98	 2849.58	 2850.11	          55064	
 2019/05/24-10:38	 2849.55	 2851.45	 2849.04	 2851.35	          58540	
 2019/05/24-10:39	 2851.11	 2851.52	 2849.95	 2850.06	          44896	
 2019/05/24-10:40	 2849.82	 2850.09	 2849.24	 2850.06	          41416	
 2019/05/24-10:41	 2849.41	 2853.16	 2849.41	 2853.03	          68974	
 2019/05/24-10:42	 2853.43	 2855.30	 2853.43	 2855.09	          64369	
 2019/05/24-10:43	 2854.89	 2855.27	 2854.26	 2855.00	          46768	
 2019/05/24-10:44	 2854.72	 2854.90	 2854.18	 2854.75	          37381	
 2019/05/24-10:45	 2854.51	 2854.75	 2853.96	 2854.46	          36144	
 2019/05/24-10:46	 2854.29	 2854.47	 2853.82	 2854.23	          34437	
 2019/05/24-10:47	 2853.96	 2854.13	 2852.82	 2852.82	          43197	
 2019/05/24-10:48	 2853.13	 2853.37	 2852.65	 2853.36	          33455	
 2019/05/24-10:49	 2853.24	 2853.36	 2852.42	 2852.44	          38979	
 2019/05/24-10:50	 2852.35	 2852.70	 2851.86	 2852.10	          35720	
 2019/05/24-10:51	 2852.00	 2852.82	 2851.96	 2852.67	          34873	
 2019/05/24-10:52	 2852.66	 2853.24	 2852.40	 2852.53	          30309	
 2019/05/24-10:53	 2852.61	 2853.75	 2852.61	 2853.51	          31308	
 2019/05/24-10:54	 2853.74	 2854.09	 2853.32	 2853.35	          29623	
 2019/05/24-10:55	 2853.93	 2855.12	 2853.93	 2855.12	          35318	
 2019/05/24-10:56	 2855.21	 2857.14	 2855.16	 2857.14	          52768	
 2019/05/24-10:57	 2857.29	 2860.99	 2857.29	 2860.99	          88228	
 2019/05/24-10:58	 2861.36	 2862.25	 2860.64	 2862.25	          76020	
 2019/05/24-10:59	 2862.24	 2863.26	 2861.77	 2862.87	          63139	
 2019/05/24-11:00	 2863.49	 2863.60	 2863.16	 2863.24	          57229	
 2019/05/24-11:01	 2863.76	 2864.36	 2863.59	 2864.19	          54761	
 2019/05/24-11:02	 2864.89	 2865.05	 2864.13	 2864.22	          51557	
 2019/05/24-11:03	 2863.92	 2864.80	 2863.92	 2864.68	          47603	
 2019/05/24-11:04	 2864.73	 2864.73	 2863.68	 2863.68	          42322	
 2019/05/24-11:05	 2863.72	 2864.37	 2863.38	 2863.38	          38195	
 2019/05/24-11:06	 2863.90	 2864.01	 2860.09	 2860.09	          64664	
 2019/05/24-11:07	 2860.26	 2860.29	 2859.39	 2859.43	          49472	
 2019/05/24-11:08	 2859.65	 2860.40	 2859.06	 2859.06	          34778	
 2019/05/24-11:09	 2859.33	 2860.20	 2859.10	 2859.67	          35153	
 2019/05/24-11:10	 2859.50	 2859.87	 2859.18	 2859.24	          30466	
 2019/05/24-11:11	 2859.36	 2859.63	 2857.04	 2857.56	          39304	
 2019/05/24-11:12	 2857.32	 2857.84	 2856.68	 2856.81	          33244	
 2019/05/24-11:13	 2856.76	 2858.04	 2856.76	 2857.57	          32455	
 2019/05/24-11:14	 2857.58	 2858.52	 2857.53	 2857.53	          28957	
 2019/05/24-11:15	 2857.99	 2858.67	 2857.51	 2858.49	          34777	
 2019/05/24-11:16	 2857.11	 2858.11	 2857.11	 2857.13	          31732	
 2019/05/24-11:17	 2857.21	 2857.48	 2856.76	 2856.87	          37229	
 2019/05/24-11:18	 2856.66	 2856.71	 2855.74	 2855.74	          40106	
 2019/05/24-11:19	 2855.83	 2856.96	 2855.83	 2856.73	          40997	
 2019/05/24-11:20	 2856.36	 2858.59	 2856.28	 2858.43	          54117	
 2019/05/24-11:21	 2858.51	 2858.70	 2857.94	 2858.23	          37814	
 2019/05/24-11:22	 2857.98	 2858.93	 2857.98	 2858.20	          31861	
 2019/05/24-11:23	 2858.23	 2858.50	 2857.49	 2857.94	          41600	
 2019/05/24-11:24	 2858.57	 2858.57	 2857.63	 2857.69	          42583	
 2019/05/24-11:25	 2857.74	 2857.74	 2856.63	 2856.63	          50809	
 2019/05/24-11:26	 2856.33	 2856.43	 2854.64	 2854.83	          56726	
 2019/05/24-11:27	 2854.79	 2854.79	 2854.01	 2854.54	          53095	
 2019/05/24-11:28	 2854.07	 2854.18	 2853.54	 2853.64	          48074	
 2019/05/24-11:29	 2853.58	 2853.58	 2852.66	 2853.10	          49660	
 2019/05/24-11:30	 2852.57	 2852.57	 2850.90	 2851.40	          58932	
 2019/05/24-13:01	 2851.50	 2851.50	 2850.76	 2851.21	         134067	
 2019/05/24-13:02	 2850.66	 2851.36	 2850.42	 2850.75	          38611	
 2019/05/24-13:03	 2850.22	 2850.36	 2849.55	 2849.89	          44095	
 2019/05/24-13:04	 2849.92	 2850.46	 2849.53	 2850.26	          48363	
 2019/05/24-13:05	 2850.85	 2850.91	 2849.63	 2849.63	          41973	
 2019/05/24-13:06	 2850.23	 2850.29	 2849.53	 2849.81	          37105	
 2019/05/24-13:07	 2849.72	 2849.72	 2848.60	 2848.81	          45330	
 2019/05/24-13:08	 2848.69	 2848.69	 2847.05	 2847.15	          63180	
 2019/05/24-13:09	 2846.49	 2846.92	 2846.32	 2846.61	          61317	
 2019/05/24-13:10	 2846.88	 2848.78	 2846.88	 2848.11	          61042	
 2019/05/24-13:11	 2848.63	 2849.29	 2848.15	 2848.75	          43779	
 2019/05/24-13:12	 2849.12	 2849.31	 2848.22	 2848.43	          34133	
 2019/05/24-13:13	 2848.57	 2849.51	 2848.35	 2849.51	          38880	
 2019/05/24-13:14	 2849.55	 2850.29	 2849.55	 2849.69	          38049	
 2019/05/24-13:15	 2850.19	 2850.83	 2850.03	 2850.59	          35421	
 2019/05/24-13:16	 2850.11	 2851.14	 2849.78	 2850.63	          32483	
 2019/05/24-13:17	 2849.76	 2850.35	 2849.18	 2849.66	          31401	
 2019/05/24-13:18	 2849.47	 2849.81	 2848.92	 2848.92	          31288	
 2019/05/24-13:19	 2848.76	 2849.24	 2848.14	 2848.99	          35122	
 2019/05/24-13:20	 2848.56	 2848.89	 2847.66	 2848.13	          40217	
 2019/05/24-13:21	 2848.17	 2848.78	 2847.43	 2847.84	          39408	
 2019/05/24-13:22	 2848.03	 2848.03	 2847.10	 2847.59	          48034	
 2019/05/24-13:23	 2847.22	 2849.90	 2847.22	 2849.90	          59585	
 2019/05/24-13:24	 2849.87	 2851.13	 2849.85	 2851.13	          44422	
 2019/05/24-13:25	 2850.95	 2851.22	 2850.26	 2851.05	          43197	
 2019/05/24-13:26	 2850.90	 2851.55	 2850.83	 2851.07	          38033	
 2019/05/24-13:27	 2850.69	 2852.74	 2850.69	 2852.74	          39461	
 2019/05/24-13:28	 2852.44	 2853.12	 2852.22	 2853.09	          43135	
 2019/05/24-13:29	 2853.34	 2853.57	 2852.34	 2853.41	          45728	
 2019/05/24-13:30	 2853.40	 2854.16	 2852.85	 2854.16	          41737	
 2019/05/24-13:31	 2854.13	 2856.91	 2853.94	 2856.91	          67303	
 2019/05/24-13:32	 2856.82	 2857.43	 2856.42	 2857.43	          56597	
 2019/05/24-13:33	 2856.91	 2857.09	 2855.47	 2855.47	          45564	
 2019/05/24-13:34	 2855.42	 2855.68	 2854.99	 2855.03	          40095	
 2019/05/24-13:35	 2855.45	 2856.54	 2855.39	 2856.10	          37010	
 2019/05/24-13:36	 2856.42	 2856.49	 2854.90	 2855.54	          35549	
 2019/05/24-13:37	 2855.45	 2855.82	 2854.99	 2855.82	          35604	
 2019/05/24-13:38	 2856.64	 2856.86	 2855.94	 2855.97	          40180	
 2019/05/24-13:39	 2856.63	 2856.95	 2856.41	 2856.53	          33124	
 2019/05/24-13:40	 2857.01	 2857.45	 2856.49	 2856.81	          35219	
 2019/05/24-13:41	 2857.13	 2858.24	 2856.76	 2857.82	          44410	
 2019/05/24-13:42	 2857.96	 2858.26	 2857.09	 2857.66	          41562	
 2019/05/24-13:43	 2857.78	 2858.17	 2857.15	 2857.66	          37598	
 2019/05/24-13:44	 2856.95	 2857.35	 2854.53	 2854.53	          49892	
 2019/05/24-13:45	 2855.44	 2855.44	 2853.88	 2854.09	          37073	
 2019/05/24-13:46	 2854.78	 2855.05	 2853.76	 2853.91	          35961	
 2019/05/24-13:47	 2854.76	 2854.81	 2852.84	 2853.47	          30307	
 2019/05/24-13:48	 2853.52	 2853.76	 2853.10	 2853.40	          33986	
 2019/05/24-13:49	 2853.38	 2853.38	 2852.35	 2852.95	          35322	
 2019/05/24-13:50	 2853.31	 2854.72	 2853.31	 2854.70	          47143	
 2019/05/24-13:51	 2855.24	 2855.78	 2854.95	 2855.58	          38768	
 2019/05/24-13:52	 2856.16	 2856.16	 2855.60	 2855.98	          35031	
 2019/05/24-13:53	 2856.08	 2856.85	 2855.77	 2856.30	          36625	
 2019/05/24-13:54	 2856.89	 2857.53	 2856.63	 2856.95	          38413	
 2019/05/24-13:55	 2857.13	 2857.56	 2855.68	 2856.07	          38534	
 2019/05/24-13:56	 2855.69	 2855.95	 2854.96	 2854.96	          34728	
 2019/05/24-13:57	 2855.45	 2855.62	 2855.02	 2855.15	          35330	
 2019/05/24-13:58	 2855.51	 2855.77	 2855.28	 2855.39	          33445	
 2019/05/24-13:59	 2855.99	 2855.99	 2854.83	 2855.20	          32838	
 2019/05/24-14:00	 2855.33	 2855.52	 2854.72	 2854.83	          33068	
 2019/05/24-14:01	 2854.95	 2856.09	 2854.95	 2854.96	          36759	
 2019/05/24-14:02	 2855.29	 2857.60	 2855.29	 2857.60	          54984	
 2019/05/24-14:03	 2857.47	 2858.19	 2857.47	 2858.19	          50254	
 2019/05/24-14:04	 2858.29	 2858.38	 2857.44	 2857.75	          47030	
 2019/05/24-14:05	 2857.57	 2857.73	 2856.64	 2856.71	          39848	
 2019/05/24-14:06	 2857.12	 2857.22	 2854.88	 2854.88	          52826	
 2019/05/24-14:07	 2855.00	 2855.12	 2852.63	 2852.63	          65420	
 2019/05/24-14:08	 2853.41	 2853.74	 2851.98	 2851.98	          60275	
 2019/05/24-14:09	 2852.66	 2852.66	 2850.80	 2850.80	          57648	
 2019/05/24-14:10	 2850.62	 2851.39	 2850.52	 2850.52	          59225	
 2019/05/24-14:11	 2850.59	 2851.42	 2850.59	 2850.91	          54054	
 2019/05/24-14:12	 2850.82	 2851.53	 2850.28	 2850.69	          46977	
 2019/05/24-14:13	 2850.47	 2850.97	 2849.92	 2850.13	          49595	
 2019/05/24-14:14	 2849.78	 2850.16	 2848.86	 2849.19	          57892	
 2019/05/24-14:15	 2849.06	 2849.19	 2848.41	 2848.63	          65840	
 2019/05/24-14:16	 2849.01	 2849.37	 2848.31	 2848.31	          67887	
 2019/05/24-14:17	 2848.36	 2848.80	 2847.84	 2847.90	          52187	
 2019/05/24-14:18	 2847.64	 2849.05	 2847.64	 2849.05	          58300	
 2019/05/24-14:19	 2849.59	 2850.43	 2849.08	 2849.97	          57787	
 2019/05/24-14:20	 2850.16	 2851.60	 2850.16	 2851.47	          57461	
 2019/05/24-14:21	 2851.90	 2853.18	 2851.90	 2852.82	          55155	
 2019/05/24-14:22	 2852.93	 2853.83	 2852.74	 2853.30	          45430	
 2019/05/24-14:23	 2852.83	 2854.65	 2852.83	 2854.65	          47118	
 2019/05/24-14:24	 2854.34	 2855.31	 2854.15	 2854.84	          47690	
 2019/05/24-14:25	 2855.17	 2855.99	 2854.85	 2855.99	          48607	
 2019/05/24-14:26	 2856.33	 2862.46	 2856.17	 2862.46	         120335	
 2019/05/24-14:27	 2863.20	 2863.87	 2862.53	 2862.90	         113036	
 2019/05/24-14:28	 2862.75	 2863.80	 2862.73	 2862.73	          71111	
 2019/05/24-14:29	 2862.98	 2863.75	 2862.45	 2862.45	          60648	
 2019/05/24-14:30	 2863.05	 2863.67	 2862.88	 2863.58	          55412	
 2019/05/24-14:31	 2863.78	 2863.78	 2862.16	 2862.92	          64371	
 2019/05/24-14:32	 2862.81	 2862.86	 2860.03	 2860.37	          66304	
 2019/05/24-14:33	 2859.68	 2860.08	 2858.93	 2859.11	          56845	
 2019/05/24-14:34	 2859.47	 2859.47	 2858.69	 2859.27	          45540	
 2019/05/24-14:35	 2859.20	 2859.20	 2857.14	 2857.69	          50660	
 2019/05/24-14:36	 2857.68	 2858.30	 2857.39	 2857.91	          49463	
 2019/05/24-14:37	 2858.10	 2858.45	 2857.27	 2857.67	          44280	
 2019/05/24-14:38	 2858.00	 2858.26	 2857.48	 2858.13	          43964	
 2019/05/24-14:39	 2857.77	 2858.33	 2857.42	 2857.90	          54172	
 2019/05/24-14:40	 2857.58	 2857.87	 2856.63	 2856.71	          51096	
 2019/05/24-14:41	 2857.11	 2857.11	 2856.00	 2856.49	          66540	
 2019/05/24-14:42	 2855.61	 2855.86	 2855.14	 2855.58	          67552	
 2019/05/24-14:43	 2855.41	 2856.56	 2855.16	 2856.56	          70741	
 2019/05/24-14:44	 2856.34	 2856.44	 2855.68	 2856.20	          63917	
 2019/05/24-14:45	 2856.26	 2856.26	 2855.47	 2855.92	          60237	
 2019/05/24-14:46	 2855.31	 2855.96	 2855.10	 2855.61	          74547	
 2019/05/24-14:47	 2855.56	 2855.56	 2854.17	 2854.17	          77807	
 2019/05/24-14:48	 2854.69	 2854.91	 2853.89	 2853.96	          82921	
 2019/05/24-14:49	 2854.18	 2855.04	 2853.54	 2853.88	          86163	
 2019/05/24-14:50	 2854.03	 2854.17	 2852.91	 2853.29	          85221	
 2019/05/24-14:51	 2853.30	 2853.30	 2852.01	 2852.01	          95548	
 2019/05/24-14:52	 2851.74	 2852.42	 2851.62	 2851.62	          98405	
 2019/05/24-14:53	 2851.88	 2851.95	 2851.46	 2851.81	          97278	
 2019/05/24-14:54	 2852.09	 2852.09	 2851.21	 2851.60	         101783	
 2019/05/24-14:55	 2851.45	 2852.41	 2851.33	 2852.19	         106382	
 2019/05/24-14:56	 2852.26	 2852.45	 2851.61	 2852.40	         114361	
 2019/05/24-14:57	 2851.92	 2853.24	 2851.92	 2853.03	         128478	
 2019/05/24-14:58	 2853.27	 2853.27	 2853.27	 2853.27	           1487	
 2019/05/24-14:59	 2853.27	 2853.27	 2853.27	 2853.27	              0	
 2019/05/24-15:00	 2853.27	 2853.27	 2852.99	 2852.99	         198701	
 2019/05/27-09:31	 2851.28	 2855.60	 2851.28	 2855.56	         394652	
 2019/05/27-09:32	 2855.77	 2855.77	 2854.05	 2854.43	         169399	
 2019/05/27-09:33	 2854.64	 2854.64	 2846.07	 2846.33	         200503	
 2019/05/27-09:34	 2846.47	 2846.47	 2840.81	 2840.81	         182998	
 2019/05/27-09:35	 2840.93	 2841.29	 2840.71	 2840.95	         169680	
 2019/05/27-09:36	 2841.22	 2846.84	 2840.28	 2846.84	         217343	
 2019/05/27-09:37	 2847.86	 2855.64	 2847.86	 2855.64	         201918	
 2019/05/27-09:38	 2856.73	 2857.05	 2853.76	 2854.14	         171158	
 2019/05/27-09:39	 2855.62	 2857.22	 2854.37	 2857.22	         160518	
 2019/05/27-09:40	 2857.31	 2858.14	 2854.41	 2854.98	         165966	
 2019/05/27-09:41	 2854.65	 2856.26	 2854.65	 2855.41	         122619	
 2019/05/27-09:42	 2855.30	 2855.36	 2853.79	 2854.12	         114592	
 2019/05/27-09:43	 2854.00	 2855.24	 2851.55	 2852.70	         126890	
 2019/05/27-09:44	 2853.34	 2853.81	 2852.32	 2853.11	          98094	
 2019/05/27-09:45	 2854.50	 2856.84	 2854.50	 2856.84	         128108	
 2019/05/27-09:46	 2856.44	 2856.44	 2854.92	 2855.52	         122381	
 2019/05/27-09:47	 2855.11	 2855.18	 2852.41	 2852.41	         107192	
 2019/05/27-09:48	 2852.38	 2852.55	 2850.18	 2850.18	         108014	
 2019/05/27-09:49	 2850.07	 2850.07	 2848.91	 2849.72	          98590	
 2019/05/27-09:50	 2850.68	 2850.69	 2849.65	 2849.65	          80169	
 2019/05/27-09:51	 2849.77	 2849.77	 2847.97	 2848.10	          84053	
 2019/05/27-09:52	 2847.86	 2847.86	 2846.92	 2847.81	          78687	
 2019/05/27-09:53	 2847.37	 2848.16	 2846.96	 2847.71	          79083	
 2019/05/27-09:54	 2847.58	 2850.39	 2847.58	 2850.39	          85524	
 2019/05/27-09:55	 2849.89	 2850.65	 2849.89	 2850.32	          81886	
 2019/05/27-09:56	 2850.51	 2851.56	 2850.00	 2850.00	          81662	
 2019/05/27-09:57	 2849.94	 2850.11	 2848.87	 2849.62	          82223	
 2019/05/27-09:58	 2849.62	 2849.88	 2848.71	 2849.40	          62348	
 2019/05/27-09:59	 2849.62	 2851.92	 2849.31	 2851.69	          71887	
 2019/05/27-10:00	 2851.39	 2851.60	 2850.25	 2850.37	          73536	
 2019/05/27-10:01	 2850.15	 2850.36	 2849.18	 2849.27	          61741	
 2019/05/27-10:02	 2848.94	 2848.94	 2848.02	 2848.09	          67316	
 2019/05/27-10:03	 2848.17	 2848.21	 2846.75	 2846.75	          72793	
 2019/05/27-10:04	 2847.04	 2847.25	 2846.67	 2846.88	          64328	
 2019/05/27-10:05	 2846.54	 2847.54	 2846.54	 2847.29	          56639	
 2019/05/27-10:06	 2847.56	 2848.83	 2847.27	 2848.76	          71061	
 2019/05/27-10:07	 2848.75	 2849.78	 2848.75	 2849.54	          72554	
 2019/05/27-10:08	 2849.90	 2850.03	 2849.34	 2849.48	          66600	
 2019/05/27-10:09	 2849.09	 2849.09	 2847.75	 2848.14	          63846	
 2019/05/27-10:10	 2848.03	 2848.51	 2847.27	 2848.45	          55463	
 2019/05/27-10:11	 2848.08	 2848.26	 2847.61	 2847.80	          54470	
 2019/05/27-10:12	 2847.66	 2848.86	 2847.66	 2848.78	          58030	
 2019/05/27-10:13	 2848.91	 2849.52	 2848.19	 2848.82	          51314	
 2019/05/27-10:14	 2848.39	 2848.41	 2847.56	 2847.71	          58388	
 2019/05/27-10:15	 2847.44	 2847.67	 2846.72	 2847.20	          49819	
 2019/05/27-10:16	 2847.07	 2847.91	 2846.84	 2847.88	          53604	
 2019/05/27-10:17	 2847.62	 2848.12	 2847.41	 2848.12	          47005	
 2019/05/27-10:18	 2847.57	 2848.08	 2847.07	 2847.36	          50779	
 2019/05/27-10:19	 2847.08	 2847.08	 2845.44	 2845.74	          63234	
 2019/05/27-10:20	 2845.18	 2845.18	 2844.32	 2844.32	          62337	
 2019/05/27-10:21	 2844.55	 2844.74	 2843.89	 2844.19	          63422	
 2019/05/27-10:22	 2843.92	 2844.39	 2842.74	 2842.74	          57938	
 2019/05/27-10:23	 2841.72	 2841.72	 2839.87	 2839.96	         112691	
 2019/05/27-10:24	 2840.43	 2842.66	 2840.43	 2842.37	          87674	
 2019/05/27-10:25	 2842.44	 2843.52	 2842.21	 2843.52	          54279	
 2019/05/27-10:26	 2843.39	 2843.68	 2843.06	 2843.55	          50076	
 2019/05/27-10:27	 2843.81	 2844.40	 2843.21	 2844.40	          51750	
 2019/05/27-10:28	 2844.72	 2845.91	 2844.45	 2845.91	          66119	
 2019/05/27-10:29	 2846.09	 2846.11	 2844.79	 2845.57	          54134	
 2019/05/27-10:30	 2845.28	 2845.33	 2844.49	 2844.96	          39664	
 2019/05/27-10:31	 2845.28	 2845.28	 2843.69	 2843.98	          42335	
 2019/05/27-10:32	 2843.80	 2844.34	 2843.74	 2843.96	          38128	
 2019/05/27-10:33	 2844.15	 2845.52	 2843.97	 2845.52	          43090	
 2019/05/27-10:34	 2846.29	 2848.15	 2846.00	 2848.15	          74367	
 2019/05/27-10:35	 2849.05	 2850.35	 2849.01	 2849.71	          75002	
 2019/05/27-10:36	 2850.33	 2850.33	 2848.46	 2848.46	          66809	
 2019/05/27-10:37	 2848.51	 2848.54	 2847.69	 2848.29	          49286	
 2019/05/27-10:38	 2847.73	 2848.32	 2847.31	 2848.20	          39231	
 2019/05/27-10:39	 2848.09	 2848.11	 2847.43	 2847.43	          39391	
 2019/05/27-10:40	 2847.61	 2847.83	 2846.18	 2846.18	          43366	
 2019/05/27-10:41	 2845.78	 2845.78	 2844.93	 2845.37	          57584	
 2019/05/27-10:42	 2845.70	 2847.74	 2845.63	 2847.74	          53042	
 2019/05/27-10:43	 2847.82	 2847.82	 2846.68	 2846.91	          41123	
 2019/05/27-10:44	 2846.83	 2846.83	 2845.99	 2845.99	          40755	
 2019/05/27-10:45	 2845.95	 2846.30	 2845.72	 2846.30	          46820	
 2019/05/27-10:46	 2846.25	 2846.31	 2845.44	 2845.44	          44195	
 2019/05/27-10:47	 2845.05	 2845.64	 2845.00	 2845.00	          47112	
 2019/05/27-10:48	 2845.13	 2845.20	 2844.57	 2844.57	          43459	
 2019/05/27-10:49	 2844.57	 2844.74	 2844.06	 2844.06	          37442	
 2019/05/27-10:50	 2843.78	 2844.60	 2843.57	 2843.57	          38019	
 2019/05/27-10:51	 2843.40	 2843.40	 2842.26	 2842.58	          50567	
 2019/05/27-10:52	 2842.55	 2845.11	 2841.67	 2845.09	          71565	
 2019/05/27-10:53	 2845.03	 2845.03	 2842.99	 2843.64	          42790	
 2019/05/27-10:54	 2843.42	 2844.16	 2843.42	 2843.76	          41416	
 2019/05/27-10:55	 2843.20	 2843.63	 2842.72	 2843.63	          45365	
 2019/05/27-10:56	 2843.35	 2843.35	 2841.07	 2841.32	          48841	
 2019/05/27-10:57	 2841.25	 2842.05	 2841.17	 2841.57	          64905	
 2019/05/27-10:58	 2841.32	 2841.64	 2840.85	 2841.58	          46863	
 2019/05/27-10:59	 2841.55	 2841.69	 2840.64	 2840.64	          43945	
 2019/05/27-11:00	 2840.44	 2841.00	 2839.89	 2840.35	          46593	
 2019/05/27-11:01	 2840.12	 2840.16	 2838.97	 2839.45	          52676	
 2019/05/27-11:02	 2839.25	 2840.03	 2838.70	 2839.64	          46550	
 2019/05/27-11:03	 2839.92	 2840.70	 2839.51	 2840.29	          41163	
 2019/05/27-11:04	 2840.32	 2840.41	 2839.42	 2840.41	          38719	
 2019/05/27-11:05	 2839.90	 2840.13	 2839.52	 2839.78	          33913	
 2019/05/27-11:06	 2839.94	 2839.94	 2838.69	 2839.24	          45772	
 2019/05/27-11:07	 2839.12	 2839.12	 2833.50	 2833.50	         115022	
 2019/05/27-11:08	 2833.92	 2838.46	 2833.04	 2838.46	         116327	
 2019/05/27-11:09	 2838.04	 2838.62	 2837.97	 2838.36	          52557	
 2019/05/27-11:10	 2838.49	 2839.30	 2838.49	 2839.30	          41643	
 2019/05/27-11:11	 2838.95	 2842.71	 2838.95	 2842.71	          71304	
 2019/05/27-11:12	 2842.54	 2844.04	 2842.22	 2843.86	          78819	
 2019/05/27-11:13	 2844.20	 2844.38	 2843.21	 2844.01	          56145	
 2019/05/27-11:14	 2843.73	 2843.73	 2842.46	 2843.54	          40905	
 2019/05/27-11:15	 2843.62	 2843.62	 2842.35	 2842.98	          33212	
 2019/05/27-11:16	 2842.88	 2842.95	 2842.02	 2842.75	          31627	
 2019/05/27-11:17	 2842.22	 2842.60	 2841.67	 2842.24	          30273	
 2019/05/27-11:18	 2842.01	 2842.01	 2840.42	 2840.68	          37111	
 2019/05/27-11:19	 2840.27	 2840.73	 2840.13	 2840.70	          27747	
 2019/05/27-11:20	 2840.48	 2841.36	 2840.34	 2841.36	          27370	
 2019/05/27-11:21	 2840.97	 2841.39	 2840.89	 2841.05	          42773	
 2019/05/27-11:22	 2841.04	 2843.86	 2841.04	 2843.86	          41222	
 2019/05/27-11:23	 2843.28	 2845.01	 2843.28	 2845.01	          53519	
 2019/05/27-11:24	 2844.55	 2846.16	 2844.55	 2846.16	          49994	
 2019/05/27-11:25	 2846.68	 2849.95	 2846.34	 2849.95	          74393	
 2019/05/27-11:26	 2850.78	 2854.24	 2850.78	 2854.24	         138863	
 2019/05/27-11:27	 2854.43	 2856.45	 2854.43	 2856.45	         102121	
 2019/05/27-11:28	 2856.34	 2859.89	 2856.34	 2859.89	         117838	
 2019/05/27-11:29	 2860.64	 2860.64	 2858.92	 2858.92	          94751	
 2019/05/27-11:30	 2858.09	 2860.51	 2858.09	 2860.50	          82543	
 2019/05/27-13:01	 2860.88	 2865.80	 2860.88	 2864.91	         256977	
 2019/05/27-13:02	 2864.77	 2864.94	 2861.95	 2861.95	         102836	
 2019/05/27-13:03	 2861.52	 2861.93	 2860.73	 2861.41	          85860	
 2019/05/27-13:04	 2861.62	 2863.29	 2861.62	 2863.29	          75428	
 2019/05/27-13:05	 2863.86	 2864.36	 2863.31	 2863.50	          85848	
 2019/05/27-13:06	 2863.73	 2864.56	 2863.73	 2864.30	          81037	
 2019/05/27-13:07	 2864.50	 2865.73	 2864.50	 2865.73	          77529	
 2019/05/27-13:08	 2865.31	 2866.22	 2865.20	 2865.48	          76158	
 2019/05/27-13:09	 2865.42	 2866.02	 2863.70	 2863.70	          89249	
 2019/05/27-13:10	 2864.08	 2864.71	 2863.35	 2864.71	          66488	
 2019/05/27-13:11	 2864.42	 2870.43	 2864.42	 2870.43	         138673	
 2019/05/27-13:12	 2870.37	 2873.54	 2870.37	 2873.54	         150998	
 2019/05/27-13:13	 2873.61	 2874.88	 2873.61	 2874.73	         130637	
 2019/05/27-13:14	 2874.82	 2876.71	 2874.20	 2876.71	         137956	
 2019/05/27-13:15	 2876.52	 2877.34	 2876.06	 2877.34	         105052	
 2019/05/27-13:16	 2877.56	 2878.10	 2876.14	 2876.54	         119943	
 2019/05/27-13:17	 2876.09	 2876.75	 2875.28	 2875.28	          93773	
 2019/05/27-13:18	 2875.02	 2875.20	 2873.98	 2874.50	          75588	
 2019/05/27-13:19	 2874.47	 2874.75	 2873.61	 2873.74	          65964	
 2019/05/27-13:20	 2873.99	 2874.26	 2873.37	 2873.55	          64349	
 2019/05/27-13:21	 2873.67	 2874.37	 2873.51	 2874.07	          66600	
 2019/05/27-13:22	 2874.41	 2875.45	 2873.82	 2875.04	          72444	
 2019/05/27-13:23	 2875.14	 2876.69	 2875.03	 2876.69	          77169	
 2019/05/27-13:24	 2876.80	 2876.80	 2875.95	 2876.44	          83746	
 2019/05/27-13:25	 2876.35	 2877.26	 2876.02	 2876.94	          91282	
 2019/05/27-13:26	 2876.83	 2877.59	 2876.70	 2877.33	          81697	
 2019/05/27-13:27	 2877.10	 2878.50	 2877.10	 2878.50	          88627	
 2019/05/27-13:28	 2878.78	 2880.58	 2878.65	 2880.58	         114905	
 2019/05/27-13:29	 2881.44	 2884.09	 2880.75	 2884.09	         143568	
 2019/05/27-13:30	 2884.15	 2884.96	 2883.77	 2884.96	         131100	
 2019/05/27-13:31	 2884.99	 2886.84	 2884.67	 2886.68	         121945	
 2019/05/27-13:32	 2886.37	 2887.38	 2886.08	 2886.08	         103376	
 2019/05/27-13:33	 2886.75	 2886.75	 2885.52	 2885.52	          97467	
 2019/05/27-13:34	 2885.24	 2885.52	 2883.62	 2883.62	          93900	
 2019/05/27-13:35	 2883.68	 2883.96	 2882.75	 2883.23	          83345	
 2019/05/27-13:36	 2883.36	 2883.67	 2882.89	 2883.49	          79024	
 2019/05/27-13:37	 2883.99	 2884.29	 2882.94	 2883.72	          77122	
 2019/05/27-13:38	 2883.85	 2884.16	 2883.05	 2883.59	          68287	
 2019/05/27-13:39	 2883.76	 2884.19	 2883.21	 2883.95	          82525	
 2019/05/27-13:40	 2884.16	 2884.36	 2883.38	 2883.51	          67170	
 2019/05/27-13:41	 2883.19	 2883.19	 2881.25	 2881.48	          89405	
 2019/05/27-13:42	 2881.07	 2881.07	 2879.80	 2879.83	          78245	
 2019/05/27-13:43	 2879.59	 2880.24	 2879.32	 2880.24	          68482	
 2019/05/27-13:44	 2879.66	 2880.31	 2879.23	 2879.23	          59870	
 2019/05/27-13:45	 2879.20	 2879.52	 2878.88	 2878.88	          51853	
 2019/05/27-13:46	 2879.06	 2881.22	 2879.06	 2881.22	          63319	
 2019/05/27-13:47	 2882.00	 2882.73	 2882.00	 2882.73	          80392	
 2019/05/27-13:48	 2882.96	 2883.48	 2882.72	 2883.26	          63127	
 2019/05/27-13:49	 2883.34	 2884.84	 2882.75	 2884.83	          70108	
 2019/05/27-13:50	 2885.45	 2885.86	 2884.94	 2885.57	          71731	
 2019/05/27-13:51	 2885.50	 2886.19	 2885.50	 2886.19	          73714	
 2019/05/27-13:52	 2886.37	 2887.46	 2886.37	 2887.46	          80035	
 2019/05/27-13:53	 2887.66	 2888.08	 2887.18	 2887.70	          87633	
 2019/05/27-13:54	 2887.65	 2888.53	 2887.65	 2888.02	          74106	
 2019/05/27-13:55	 2887.92	 2889.21	 2887.92	 2889.10	          93378	
 2019/05/27-13:56	 2889.14	 2890.11	 2889.14	 2889.88	          94273	
 2019/05/27-13:57	 2890.13	 2890.93	 2889.50	 2889.97	          96881	
 2019/05/27-13:58	 2889.70	 2890.26	 2889.36	 2889.61	          81856	
 2019/05/27-13:59	 2889.62	 2889.62	 2888.95	 2888.95	          78684	
 2019/05/27-14:00	 2888.07	 2888.66	 2887.79	 2888.05	          77104	
 2019/05/27-14:01	 2887.48	 2888.13	 2887.30	 2887.31	          68393	
 2019/05/27-14:02	 2886.98	 2887.49	 2883.18	 2883.18	          93208	
 2019/05/27-14:03	 2883.12	 2883.60	 2883.10	 2883.35	          71129	
 2019/05/27-14:04	 2883.14	 2884.13	 2883.01	 2884.13	          59056	
 2019/05/27-14:05	 2883.65	 2885.08	 2883.65	 2885.08	          71833	
 2019/05/27-14:06	 2884.80	 2885.57	 2884.80	 2885.00	          63302	
 2019/05/27-14:07	 2885.19	 2886.28	 2885.05	 2885.82	          57093	
 2019/05/27-14:08	 2886.13	 2886.74	 2885.88	 2885.88	          59665	
 2019/05/27-14:09	 2886.10	 2886.28	 2884.86	 2884.86	          55192	
 2019/05/27-14:10	 2884.91	 2885.71	 2884.62	 2884.62	          51262	
 2019/05/27-14:11	 2884.82	 2889.16	 2884.82	 2889.16	         100753	
 2019/05/27-14:12	 2890.00	 2891.61	 2890.00	 2891.43	         126810	
 2019/05/27-14:13	 2890.74	 2893.65	 2890.74	 2893.38	         123813	
 2019/05/27-14:14	 2893.61	 2893.61	 2892.78	 2892.85	          99922	
 2019/05/27-14:15	 2892.28	 2893.23	 2892.28	 2893.19	          79858	
 2019/05/27-14:16	 2893.06	 2893.23	 2892.37	 2892.96	          76562	
 2019/05/27-14:17	 2892.23	 2893.21	 2892.21	 2892.40	          74214	
 2019/05/27-14:18	 2892.28	 2892.92	 2892.12	 2892.84	          68742	
 2019/05/27-14:19	 2892.68	 2894.68	 2892.68	 2894.01	          85822	
 2019/05/27-14:20	 2894.16	 2896.01	 2894.16	 2896.01	         110496	
 2019/05/27-14:21	 2895.60	 2896.85	 2895.60	 2896.84	         116673	
 2019/05/27-14:22	 2896.69	 2898.04	 2896.69	 2898.04	          94514	
 2019/05/27-14:23	 2897.74	 2898.13	 2896.66	 2896.95	          85719	
 2019/05/27-14:24	 2896.29	 2896.62	 2895.54	 2895.75	          76971	
 2019/05/27-14:25	 2895.43	 2895.63	 2894.40	 2895.13	          69238	
 2019/05/27-14:26	 2894.13	 2894.63	 2893.92	 2894.00	          64138	
 2019/05/27-14:27	 2894.03	 2894.15	 2893.39	 2893.62	          64833	
 2019/05/27-14:28	 2893.51	 2893.60	 2892.65	 2893.26	          55970	
 2019/05/27-14:29	 2893.06	 2893.28	 2892.40	 2892.64	          56963	
 2019/05/27-14:30	 2892.33	 2893.12	 2892.31	 2892.68	          76768	
 2019/05/27-14:31	 2892.96	 2894.48	 2892.96	 2894.48	          78374	
 2019/05/27-14:32	 2895.18	 2895.18	 2894.22	 2894.23	          76999	
 2019/05/27-14:33	 2893.57	 2895.40	 2893.57	 2895.40	          64988	
 2019/05/27-14:34	 2894.65	 2895.84	 2894.63	 2894.74	          73246	
 2019/05/27-14:35	 2895.24	 2895.29	 2894.65	 2894.85	          66106	
 2019/05/27-14:36	 2894.40	 2894.91	 2893.57	 2893.57	          76424	
 2019/05/27-14:37	 2893.29	 2893.53	 2892.20	 2892.20	          76565	
 2019/05/27-14:38	 2892.28	 2892.58	 2891.72	 2891.95	          68788	
 2019/05/27-14:39	 2891.49	 2891.93	 2891.04	 2891.16	          70564	
 2019/05/27-14:40	 2891.09	 2891.51	 2890.86	 2890.90	          67484	
 2019/05/27-14:41	 2891.24	 2891.24	 2890.39	 2890.58	          64197	
 2019/05/27-14:42	 2890.35	 2890.87	 2889.61	 2890.15	          70243	
 2019/05/27-14:43	 2890.02	 2890.26	 2889.16	 2889.77	          65704	
 2019/05/27-14:44	 2889.14	 2889.32	 2888.41	 2889.31	          72613	
 2019/05/27-14:45	 2888.89	 2889.04	 2887.75	 2887.94	          69610	
 2019/05/27-14:46	 2888.32	 2888.32	 2887.22	 2887.42	          77922	
 2019/05/27-14:47	 2887.00	 2888.39	 2887.00	 2888.38	          80260	
 2019/05/27-14:48	 2888.02	 2888.74	 2887.96	 2888.74	          77812	
 2019/05/27-14:49	 2888.45	 2888.69	 2887.97	 2888.53	          77224	
 2019/05/27-14:50	 2888.73	 2888.94	 2888.00	 2888.94	          78762	
 2019/05/27-14:51	 2889.14	 2889.14	 2888.40	 2888.91	          91201	
 2019/05/27-14:52	 2889.41	 2889.81	 2888.69	 2889.77	         101561	
 2019/05/27-14:53	 2890.01	 2891.47	 2890.01	 2891.35	         114265	
 2019/05/27-14:54	 2892.26	 2892.26	 2891.19	 2891.84	         122473	
 2019/05/27-14:55	 2891.61	 2892.36	 2891.61	 2892.36	         117836	
 2019/05/27-14:56	 2892.21	 2892.54	 2891.61	 2892.42	         132002	
 2019/05/27-14:57	 2893.06	 2893.06	 2891.45	 2892.63	         143156	
 2019/05/27-14:58	 2892.76	 2892.76	 2892.67	 2892.67	          11604	
 2019/05/27-14:59	 2892.67	 2892.67	 2892.67	 2892.67	              0	
 2019/05/27-15:00	 2892.54	 2892.54	 2892.38	 2892.38	         248989	
 2019/05/28-09:31	 2890.27	 2890.27	 2887.78	 2888.51	         571710	
 2019/05/28-09:32	 2887.72	 2889.40	 2887.08	 2889.40	         223790	
 2019/05/28-09:33	 2889.12	 2891.29	 2888.84	 2891.29	         233441	
 2019/05/28-09:34	 2891.13	 2894.51	 2891.13	 2894.51	         220394	
 2019/05/28-09:35	 2894.52	 2894.55	 2891.10	 2891.46	         242221	
 2019/05/28-09:36	 2891.61	 2891.62	 2890.40	 2891.62	         204707	
 2019/05/28-09:37	 2892.33	 2892.91	 2891.93	 2892.91	         177231	
 2019/05/28-09:38	 2892.48	 2896.07	 2892.48	 2896.07	         186052	
 2019/05/28-09:39	 2896.40	 2896.40	 2893.92	 2895.01	         196669	
 2019/05/28-09:40	 2894.25	 2895.67	 2894.24	 2895.67	         157810	
 2019/05/28-09:41	 2895.55	 2896.72	 2894.98	 2896.72	         146425	
 2019/05/28-09:42	 2896.12	 2897.09	 2896.00	 2897.09	         159788	
 2019/05/28-09:43	 2897.32	 2897.32	 2895.22	 2895.22	         161258	
 2019/05/28-09:44	 2896.11	 2896.11	 2895.28	 2895.64	         153168	
 2019/05/28-09:45	 2896.50	 2897.08	 2895.59	 2897.08	         148490	
 2019/05/28-09:46	 2897.36	 2900.24	 2897.36	 2900.24	         165444	
 2019/05/28-09:47	 2899.95	 2902.06	 2899.95	 2901.78	         166416	
 2019/05/28-09:48	 2901.96	 2901.96	 2899.63	 2900.54	         187664	
 2019/05/28-09:49	 2900.16	 2901.18	 2899.78	 2901.18	         144592	
 2019/05/28-09:50	 2901.31	 2901.82	 2900.91	 2901.72	         145967	
 2019/05/28-09:51	 2902.47	 2903.63	 2902.47	 2903.63	         146307	
 2019/05/28-09:52	 2904.32	 2904.32	 2902.69	 2903.56	         170401	
 2019/05/28-09:53	 2903.33	 2903.38	 2902.13	 2902.84	         151843	
 2019/05/28-09:54	 2902.98	 2902.98	 2901.61	 2902.27	         129582	
 2019/05/28-09:55	 2902.07	 2902.07	 2900.30	 2900.71	         149410	
 2019/05/28-09:56	 2900.63	 2900.63	 2900.06	 2900.40	         134850	
 2019/05/28-09:57	 2900.16	 2900.92	 2899.70	 2900.78	         113813	
 2019/05/28-09:58	 2901.07	 2901.90	 2900.57	 2901.79	         110354	
 2019/05/28-09:59	 2902.08	 2903.70	 2901.97	 2903.70	         113572	
 2019/05/28-10:00	 2904.21	 2908.89	 2904.15	 2908.89	         176154	
 2019/05/28-10:01	 2909.27	 2909.84	 2909.05	 2909.84	         153010	
 2019/05/28-10:02	 2910.06	 2910.06	 2908.39	 2908.78	         125158	
 2019/05/28-10:03	 2908.84	 2909.01	 2908.41	 2908.61	         113463	
 2019/05/28-10:04	 2908.73	 2909.06	 2908.07	 2908.78	         101498	
 2019/05/28-10:05	 2908.97	 2909.16	 2906.87	 2906.99	         119709	
 2019/05/28-10:06	 2907.52	 2907.73	 2906.68	 2907.73	         111533	
 2019/05/28-10:07	 2907.14	 2909.01	 2907.14	 2908.58	         106930	
 2019/05/28-10:08	 2908.69	 2910.17	 2908.69	 2909.95	         134574	
 2019/05/28-10:09	 2910.47	 2911.91	 2910.24	 2911.91	         147203	
 2019/05/28-10:10	 2912.25	 2912.68	 2912.21	 2912.45	         133517	
 2019/05/28-10:11	 2912.85	 2913.71	 2912.85	 2912.97	         127503	
 2019/05/28-10:12	 2913.68	 2913.74	 2911.60	 2912.34	         131528	
 2019/05/28-10:13	 2911.41	 2911.61	 2910.56	 2910.87	         122446	
 2019/05/28-10:14	 2910.62	 2910.67	 2909.34	 2909.34	         105142	
 2019/05/28-10:15	 2910.01	 2910.06	 2908.91	 2909.34	          97256	
 2019/05/28-10:16	 2909.44	 2910.05	 2909.02	 2909.50	          93179	
 2019/05/28-10:17	 2909.68	 2909.87	 2909.03	 2909.03	         104234	
 2019/05/28-10:18	 2908.54	 2909.11	 2908.48	 2908.48	          99456	
 2019/05/28-10:19	 2909.14	 2909.14	 2907.67	 2907.75	          92010	
 2019/05/28-10:20	 2907.94	 2908.23	 2905.93	 2905.93	         105087	
 2019/05/28-10:21	 2905.83	 2906.15	 2905.47	 2905.60	         104346	
 2019/05/28-10:22	 2905.74	 2906.63	 2905.59	 2906.63	          86450	
 2019/05/28-10:23	 2906.67	 2907.98	 2906.67	 2907.81	          88601	
 2019/05/28-10:24	 2908.44	 2908.67	 2908.17	 2908.29	          80139	
 2019/05/28-10:25	 2908.07	 2908.81	 2908.02	 2908.54	          84691	
 2019/05/28-10:26	 2908.50	 2909.42	 2908.50	 2909.42	          83126	
 2019/05/28-10:27	 2909.41	 2909.48	 2908.54	 2909.10	          73357	
 2019/05/28-10:28	 2908.72	 2909.51	 2908.72	 2908.88	          68803	
 2019/05/28-10:29	 2909.12	 2909.34	 2908.45	 2908.97	          66496	
 2019/05/28-10:30	 2908.63	 2910.02	 2908.63	 2910.02	          67103	
 2019/05/28-10:31	 2909.72	 2910.33	 2909.25	 2909.85	          74356	
 2019/05/28-10:32	 2909.94	 2910.26	 2908.69	 2909.08	          78352	
 2019/05/28-10:33	 2908.42	 2909.40	 2908.24	 2908.53	          78081	
 2019/05/28-10:34	 2907.93	 2908.40	 2907.03	 2907.03	          87566	
 2019/05/28-10:35	 2907.46	 2907.46	 2906.57	 2906.72	          80620	
 2019/05/28-10:36	 2906.85	 2907.14	 2906.49	 2906.58	          79916	
 2019/05/28-10:37	 2906.39	 2906.79	 2905.17	 2905.26	          90998	
 2019/05/28-10:38	 2905.64	 2906.24	 2905.32	 2906.19	          91962	
 2019/05/28-10:39	 2906.37	 2908.29	 2906.37	 2908.12	          96223	
 2019/05/28-10:40	 2908.13	 2909.33	 2908.13	 2909.11	          76666	
 2019/05/28-10:41	 2909.31	 2910.55	 2909.25	 2909.74	          78146	
 2019/05/28-10:42	 2910.55	 2911.05	 2910.29	 2910.80	          74037	
 2019/05/28-10:43	 2910.92	 2911.75	 2910.62	 2911.47	          72821	
 2019/05/28-10:44	 2911.24	 2912.10	 2911.22	 2911.28	          65509	
 2019/05/28-10:45	 2911.54	 2911.87	 2911.30	 2911.35	          59504	
 2019/05/28-10:46	 2911.51	 2911.55	 2910.05	 2910.05	          65659	
 2019/05/28-10:47	 2910.92	 2910.92	 2909.98	 2910.15	          56593	
 2019/05/28-10:48	 2910.61	 2911.31	 2910.29	 2911.31	          63709	
 2019/05/28-10:49	 2911.22	 2911.93	 2911.19	 2911.93	          66641	
 2019/05/28-10:50	 2912.27	 2913.08	 2911.93	 2913.04	          74508	
 2019/05/28-10:51	 2913.47	 2913.74	 2912.93	 2913.68	          75535	
 2019/05/28-10:52	 2913.02	 2914.13	 2913.02	 2913.95	          69278	
 2019/05/28-10:53	 2913.89	 2914.33	 2913.40	 2913.92	          63914	
 2019/05/28-10:54	 2913.95	 2914.58	 2913.75	 2913.95	          63107	
 2019/05/28-10:55	 2913.95	 2914.93	 2913.95	 2914.34	          70733	
 2019/05/28-10:56	 2914.70	 2915.87	 2914.70	 2915.63	          70258	
 2019/05/28-10:57	 2916.50	 2916.50	 2915.68	 2916.10	          80080	
 2019/05/28-10:58	 2916.63	 2917.62	 2916.27	 2917.62	          69972	
 2019/05/28-10:59	 2917.23	 2917.47	 2916.93	 2917.47	          66828	
 2019/05/28-11:00	 2917.34	 2918.41	 2917.34	 2917.98	          69563	
 2019/05/28-11:01	 2917.85	 2918.44	 2917.81	 2918.32	          80560	
 2019/05/28-11:02	 2917.15	 2917.42	 2915.81	 2915.81	          79540	
 2019/05/28-11:03	 2916.18	 2916.18	 2914.22	 2914.22	          62913	
 2019/05/28-11:04	 2914.53	 2914.95	 2914.29	 2914.34	          56151	
 2019/05/28-11:05	 2914.65	 2914.86	 2913.86	 2914.20	          48422	
 2019/05/28-11:06	 2914.75	 2914.75	 2911.25	 2911.25	          76759	
 2019/05/28-11:07	 2910.97	 2912.16	 2910.91	 2911.96	          81946	
 2019/05/28-11:08	 2912.62	 2913.20	 2912.05	 2912.29	          50713	
 2019/05/28-11:09	 2912.44	 2913.02	 2912.37	 2912.39	          47090	
 2019/05/28-11:10	 2912.61	 2913.08	 2911.90	 2911.90	          45741	
 2019/05/28-11:11	 2912.65	 2912.99	 2911.81	 2911.97	          47190	
 2019/05/28-11:12	 2912.27	 2913.00	 2911.85	 2912.72	          46170	
 2019/05/28-11:13	 2913.00	 2914.95	 2912.38	 2914.86	          68997	
 2019/05/28-11:14	 2914.77	 2915.79	 2914.77	 2915.79	          57162	
 2019/05/28-11:15	 2915.31	 2916.20	 2914.51	 2915.52	          54245	
 2019/05/28-11:16	 2915.57	 2915.57	 2914.63	 2914.63	          51815	
 2019/05/28-11:17	 2915.53	 2915.85	 2914.50	 2915.49	          46713	
 2019/05/28-11:18	 2915.45	 2916.13	 2915.29	 2915.94	          47819	
 2019/05/28-11:19	 2916.17	 2917.25	 2915.83	 2917.02	          60462	
 2019/05/28-11:20	 2916.80	 2917.65	 2916.80	 2917.13	          54730	
 2019/05/28-11:21	 2917.65	 2918.40	 2916.81	 2918.40	          57056	
 2019/05/28-11:22	 2917.43	 2917.89	 2914.47	 2914.47	          74874	
 2019/05/28-11:23	 2915.33	 2916.06	 2914.57	 2916.03	          50556	
 2019/05/28-11:24	 2916.14	 2916.28	 2915.50	 2915.88	          42862	
 2019/05/28-11:25	 2915.91	 2916.55	 2914.73	 2915.41	          42522	
 2019/05/28-11:26	 2916.01	 2916.25	 2915.43	 2916.02	          43856	
 2019/05/28-11:27	 2915.48	 2916.77	 2915.48	 2916.25	          51516	
 2019/05/28-11:28	 2916.42	 2917.16	 2916.33	 2916.99	          50575	
 2019/05/28-11:29	 2917.22	 2917.58	 2916.90	 2917.24	          46288	
 2019/05/28-11:30	 2917.80	 2918.49	 2916.93	 2918.12	          54488	
 2019/05/28-13:01	 2918.16	 2919.60	 2918.16	 2919.60	         159476	
 2019/05/28-13:02	 2918.73	 2919.15	 2917.70	 2917.70	          54867	
 2019/05/28-13:03	 2918.61	 2918.86	 2917.92	 2917.92	          47570	
 2019/05/28-13:04	 2917.93	 2918.11	 2917.50	 2918.04	          48814	
 2019/05/28-13:05	 2917.72	 2917.76	 2916.25	 2916.84	          51540	
 2019/05/28-13:06	 2916.61	 2916.71	 2915.00	 2915.13	          61942	
 2019/05/28-13:07	 2914.62	 2916.01	 2914.62	 2915.73	          52940	
 2019/05/28-13:08	 2915.60	 2915.79	 2914.73	 2914.73	          48510	
 2019/05/28-13:09	 2915.31	 2915.42	 2914.61	 2915.42	          44226	
 2019/05/28-13:10	 2915.19	 2915.50	 2914.35	 2914.59	          46080	
 2019/05/28-13:11	 2915.44	 2915.88	 2914.75	 2915.88	          45376	
 2019/05/28-13:12	 2915.12	 2916.57	 2915.12	 2916.39	          50828	
 2019/05/28-13:13	 2916.69	 2917.98	 2916.56	 2917.61	          54593	
 2019/05/28-13:14	 2917.29	 2918.46	 2917.13	 2918.46	          60534	
 2019/05/28-13:15	 2918.10	 2919.44	 2918.10	 2919.20	          59936	
 2019/05/28-13:16	 2919.13	 2919.87	 2918.71	 2918.71	          70844	
 2019/05/28-13:17	 2918.74	 2919.71	 2918.43	 2919.30	          58816	
 2019/05/28-13:18	 2919.43	 2919.77	 2918.92	 2919.77	          56969	
 2019/05/28-13:19	 2919.73	 2919.88	 2919.15	 2919.41	          58692	
 2019/05/28-13:20	 2919.13	 2919.58	 2918.55	 2919.40	          56548	
 2019/05/28-13:21	 2919.12	 2919.42	 2918.65	 2918.84	          55989	
 2019/05/28-13:22	 2919.06	 2920.41	 2918.88	 2920.41	          66766	
 2019/05/28-13:23	 2920.98	 2922.08	 2920.79	 2921.89	          91995	
 2019/05/28-13:24	 2922.78	 2923.86	 2922.55	 2922.55	          89720	
 2019/05/28-13:25	 2922.53	 2923.07	 2922.21	 2922.55	          82152	
 2019/05/28-13:26	 2923.08	 2923.60	 2922.18	 2922.81	          72874	
 2019/05/28-13:27	 2923.20	 2924.04	 2922.21	 2922.21	          68611	
 2019/05/28-13:28	 2922.03	 2922.67	 2921.52	 2921.79	          72656	
 2019/05/28-13:29	 2921.64	 2923.38	 2921.51	 2923.38	          97568	
 2019/05/28-13:30	 2923.07	 2923.96	 2921.82	 2922.24	         100535	
 2019/05/28-13:31	 2922.38	 2922.38	 2920.24	 2920.24	          81585	
 2019/05/28-13:32	 2920.68	 2920.98	 2919.72	 2920.15	          74263	
 2019/05/28-13:33	 2919.83	 2920.53	 2919.71	 2919.83	          59768	
 2019/05/28-13:34	 2920.20	 2920.20	 2919.03	 2919.08	          58181	
 2019/05/28-13:35	 2919.85	 2919.85	 2918.65	 2918.77	          52028	
 2019/05/28-13:36	 2919.54	 2919.54	 2918.43	 2919.35	          53030	
 2019/05/28-13:37	 2919.68	 2919.79	 2918.74	 2919.35	          52281	
 2019/05/28-13:38	 2920.00	 2920.30	 2919.39	 2919.78	          50619	
 2019/05/28-13:39	 2919.95	 2919.95	 2917.68	 2918.24	          71894	
 2019/05/28-13:40	 2917.66	 2917.73	 2916.18	 2916.36	          77406	
 2019/05/28-13:41	 2916.22	 2916.87	 2915.91	 2916.75	          68281	
 2019/05/28-13:42	 2916.27	 2916.60	 2915.84	 2915.88	          63676	
 2019/05/28-13:43	 2916.71	 2916.71	 2915.51	 2915.51	          59233	
 2019/05/28-13:44	 2916.10	 2916.77	 2915.34	 2916.20	          64425	
 2019/05/28-13:45	 2916.61	 2917.16	 2916.01	 2917.08	          57625	
 2019/05/28-13:46	 2917.30	 2917.30	 2915.02	 2915.61	          68858	
 2019/05/28-13:47	 2915.29	 2915.70	 2914.45	 2915.29	          61520	
 2019/05/28-13:48	 2914.85	 2914.85	 2913.76	 2913.76	          56760	
 2019/05/28-13:49	 2913.61	 2913.65	 2912.01	 2912.01	          68208	
 2019/05/28-13:50	 2912.70	 2912.75	 2911.82	 2912.42	          61459	
 2019/05/28-13:51	 2912.28	 2912.28	 2911.35	 2911.98	          58648	
 2019/05/28-13:52	 2912.50	 2912.82	 2911.41	 2912.46	          56881	
 2019/05/28-13:53	 2912.43	 2913.04	 2912.26	 2912.60	          50796	
 2019/05/28-13:54	 2912.80	 2913.74	 2912.70	 2913.12	          51183	
 2019/05/28-13:55	 2913.93	 2914.46	 2913.16	 2914.11	          52966	
 2019/05/28-13:56	 2914.22	 2914.34	 2913.39	 2913.84	          55348	
 2019/05/28-13:57	 2913.70	 2913.70	 2912.86	 2913.00	          55813	
 2019/05/28-13:58	 2913.35	 2913.47	 2912.86	 2912.86	          59416	
 2019/05/28-13:59	 2913.04	 2913.14	 2912.08	 2912.38	          62893	
 2019/05/28-14:00	 2912.38	 2912.94	 2911.82	 2912.13	          63843	
 2019/05/28-14:01	 2912.75	 2912.75	 2911.60	 2912.32	          60891	
 2019/05/28-14:02	 2911.70	 2912.16	 2911.30	 2911.63	          53603	
 2019/05/28-14:03	 2911.40	 2911.51	 2907.60	 2907.60	         137024	
 2019/05/28-14:04	 2907.42	 2907.42	 2906.36	 2906.77	         113824	
 2019/05/28-14:05	 2905.92	 2906.48	 2905.18	 2905.48	         103455	
 2019/05/28-14:06	 2905.33	 2905.43	 2903.22	 2903.26	         123527	
 2019/05/28-14:07	 2902.94	 2904.34	 2902.65	 2903.78	         103463	
 2019/05/28-14:08	 2904.67	 2905.90	 2903.97	 2905.90	          72571	
 2019/05/28-14:09	 2906.21	 2906.21	 2904.58	 2905.01	          74848	
 2019/05/28-14:10	 2905.03	 2905.37	 2904.29	 2905.11	          58807	
 2019/05/28-14:11	 2905.05	 2905.58	 2904.63	 2905.31	          56811	
 2019/05/28-14:12	 2905.41	 2905.41	 2903.94	 2904.19	          56673	
 2019/05/28-14:13	 2905.01	 2905.28	 2904.03	 2904.80	          54948	
 2019/05/28-14:14	 2904.88	 2905.20	 2904.33	 2904.80	          51925	
 2019/05/28-14:15	 2905.26	 2905.42	 2904.44	 2905.42	          55813	
 2019/05/28-14:16	 2904.73	 2905.50	 2904.66	 2905.50	          50986	
 2019/05/28-14:17	 2905.69	 2905.69	 2903.36	 2904.24	          74142	
 2019/05/28-14:18	 2903.99	 2903.99	 2902.89	 2903.61	          68802	
 2019/05/28-14:19	 2903.04	 2904.29	 2903.04	 2903.63	          66571	
 2019/05/28-14:20	 2904.32	 2906.00	 2903.67	 2905.95	         103037	
 2019/05/28-14:21	 2906.74	 2907.95	 2906.26	 2907.95	          88185	
 2019/05/28-14:22	 2907.99	 2908.35	 2907.39	 2908.35	          74370	
 2019/05/28-14:23	 2908.56	 2908.78	 2907.82	 2908.78	          58118	
 2019/05/28-14:24	 2908.56	 2908.70	 2907.78	 2908.22	          53369	
 2019/05/28-14:25	 2907.99	 2907.99	 2907.24	 2907.93	          55240	
 2019/05/28-14:26	 2907.67	 2907.67	 2906.77	 2907.37	          52261	
 2019/05/28-14:27	 2907.44	 2907.63	 2906.29	 2907.19	          54561	
 2019/05/28-14:28	 2906.98	 2907.49	 2906.35	 2907.26	          50184	
 2019/05/28-14:29	 2906.84	 2907.27	 2905.80	 2907.27	          59555	
 2019/05/28-14:30	 2906.06	 2906.82	 2904.47	 2904.84	          70551	
 2019/05/28-14:31	 2904.73	 2904.73	 2902.18	 2902.69	         125154	
 2019/05/28-14:32	 2902.19	 2902.24	 2900.05	 2901.01	         111427	
 2019/05/28-14:33	 2900.33	 2900.54	 2898.92	 2899.82	         110088	
 2019/05/28-14:34	 2899.15	 2899.41	 2897.45	 2898.10	         117938	
 2019/05/28-14:35	 2897.12	 2897.22	 2895.79	 2896.08	         113255	
 2019/05/28-14:36	 2895.33	 2895.90	 2894.79	 2895.45	         136273	
 2019/05/28-14:37	 2895.22	 2896.44	 2894.87	 2896.36	         129933	
 2019/05/28-14:38	 2895.87	 2896.79	 2895.84	 2896.28	          95200	
 2019/05/28-14:39	 2895.92	 2896.01	 2894.90	 2894.99	          92679	
 2019/05/28-14:40	 2894.52	 2894.52	 2892.74	 2893.59	         116909	
 2019/05/28-14:41	 2893.41	 2893.41	 2891.35	 2893.19	         138697	
 2019/05/28-14:42	 2893.29	 2893.29	 2891.85	 2892.15	         117582	
 2019/05/28-14:43	 2892.78	 2892.78	 2890.93	 2891.12	         117674	
 2019/05/28-14:44	 2890.43	 2890.43	 2887.87	 2887.87	         143089	
 2019/05/28-14:45	 2888.15	 2888.51	 2887.20	 2888.01	         154376	
 2019/05/28-14:46	 2888.33	 2888.98	 2888.09	 2888.98	         146084	
 2019/05/28-14:47	 2888.60	 2890.62	 2888.60	 2889.76	         120682	
 2019/05/28-14:48	 2890.59	 2890.59	 2889.72	 2890.53	         113372	
 2019/05/28-14:49	 2890.54	 2890.54	 2889.44	 2889.63	         114899	
 2019/05/28-14:50	 2889.52	 2889.79	 2888.84	 2889.41	         135505	
 2019/05/28-14:51	 2889.04	 2889.31	 2888.19	 2888.68	         145578	
 2019/05/28-14:52	 2888.71	 2888.79	 2887.86	 2888.10	         131296	
 2019/05/28-14:53	 2887.60	 2888.32	 2887.49	 2887.63	         148707	
 2019/05/28-14:54	 2888.33	 2889.31	 2887.51	 2889.19	         158402	
 2019/05/28-14:55	 2889.57	 2892.13	 2889.57	 2892.10	         162072	
 2019/05/28-14:56	 2892.67	 2894.43	 2892.67	 2892.69	         191047	
 2019/05/28-14:57	 2893.70	 2897.52	 2893.70	 2897.52	         162955	
 2019/05/28-14:58	 2898.02	 2898.13	 2898.02	 2898.13	          11652	
 2019/05/28-14:59	 2898.13	 2898.13	 2898.13	 2898.13	              0	
 2019/05/28-15:00	 2901.06	 2909.91	 2901.06	 2909.91	         779821	
数据来源:通达信
