                  上证指数 (999999)
      时间	    开盘	    最高	    最低	    收盘	         成交量	
 2020/01/23-09:51	 3043.46	 3043.72	 3041.68	 3043.18	         170617	
 2020/01/23-09:52	 3042.78	 3044.06	 3042.78	 3043.96	         145446	
 2020/01/23-09:53	 3043.67	 3044.08	 3042.62	 3042.62	         153461	
 2020/01/23-09:54	 3042.63	 3042.63	 3040.45	 3041.12	         151327	
 2020/01/23-09:55	 3041.04	 3041.04	 3039.99	 3039.99	         139832	
 2020/01/23-09:56	 3039.36	 3039.68	 3037.34	 3038.01	         153384	
 2020/01/23-09:57	 3037.56	 3040.44	 3037.50	 3040.44	         140610	
 2020/01/23-09:58	 3041.42	 3041.85	 3040.41	 3041.05	         134044	
 2020/01/23-09:59	 3040.38	 3040.63	 3039.63	 3039.90	         114102	
 2020/01/23-10:00	 3040.39	 3041.68	 3040.14	 3041.40	         151509	
 2020/01/23-10:01	 3041.50	 3042.08	 3040.68	 3040.76	         130258	
 2020/01/23-10:02	 3039.65	 3041.04	 3039.27	 3040.90	         156635	
 2020/01/23-10:03	 3040.90	 3042.42	 3040.90	 3042.02	         121873	
 2020/01/23-10:04	 3042.00	 3043.34	 3041.96	 3043.34	         144514	
 2020/01/23-10:05	 3043.68	 3043.70	 3042.06	 3043.08	         126891	
 2020/01/23-10:06	 3042.56	 3044.02	 3042.55	 3042.95	         127741	
 2020/01/23-10:07	 3042.79	 3044.28	 3042.79	 3044.28	         122920	
 2020/01/23-10:08	 3044.13	 3044.95	 3044.13	 3044.63	         121334	
 2020/01/23-10:09	 3044.39	 3044.55	 3043.67	 3043.90	         137659	
 2020/01/23-10:10	 3043.30	 3043.94	 3042.62	 3042.62	         122236	
 2020/01/23-10:11	 3042.92	 3042.92	 3042.03	 3042.64	         143029	
 2020/01/23-10:12	 3041.63	 3042.32	 3041.26	 3041.26	         109112	
 2020/01/23-10:13	 3040.52	 3041.70	 3040.52	 3041.70	         130596	
 2020/01/23-10:14	 3041.67	 3042.22	 3040.36	 3040.50	         114968	
 2020/01/23-10:15	 3040.91	 3041.09	 3038.80	 3038.80	         117805	
 2020/01/23-10:16	 3038.52	 3039.18	 3038.14	 3038.32	         132857	
 2020/01/23-10:17	 3038.72	 3038.72	 3037.32	 3037.65	         138299	
 2020/01/23-10:18	 3037.84	 3037.84	 3036.44	 3037.53	         118400	
 2020/01/23-10:19	 3037.69	 3039.58	 3037.66	 3039.58	         112196	
 2020/01/23-10:20	 3039.95	 3039.95	 3038.58	 3038.73	         114943	
 2020/01/23-10:21	 3039.39	 3039.39	 3038.06	 3038.97	         114936	
 2020/01/23-10:22	 3038.58	 3038.58	 3035.82	 3035.82	         127102	
 2020/01/23-10:23	 3035.70	 3035.85	 3034.72	 3034.72	         133460	
 2020/01/23-10:24	 3035.10	 3036.33	 3034.71	 3036.10	          99946	
 2020/01/23-10:25	 3035.73	 3036.75	 3035.73	 3036.40	         115528	
 2020/01/23-10:26	 3036.51	 3037.38	 3036.51	 3037.38	          96654	
 2020/01/23-10:27	 3036.94	 3037.29	 3035.90	 3036.61	          92653	
 2020/01/23-10:28	 3036.41	 3036.75	 3036.12	 3036.16	          89499	
 2020/01/23-10:29	 3036.58	 3036.76	 3034.37	 3034.94	         106069	
 2020/01/23-10:30	 3034.41	 3035.72	 3034.41	 3035.17	          97993	
 2020/01/23-10:31	 3034.33	 3034.33	 3031.18	 3031.18	         182973	
 2020/01/23-10:32	 3031.06	 3031.96	 3031.06	 3031.43	         145975	
 2020/01/23-10:33	 3032.64	 3032.64	 3030.84	 3031.37	         132960	
 2020/01/23-10:34	 3031.84	 3031.84	 3030.86	 3031.27	         116532	
 2020/01/23-10:35	 3032.25	 3032.77	 3031.80	 3032.01	         101815	
 2020/01/23-10:36	 3032.51	 3033.26	 3032.15	 3032.15	          87185	
 2020/01/23-10:37	 3031.96	 3032.87	 3031.31	 3031.97	          88749	
 2020/01/23-10:38	 3031.82	 3031.82	 3030.09	 3030.57	          92375	
 2020/01/23-10:39	 3029.75	 3030.20	 3028.66	 3028.66	         132689	
 2020/01/23-10:40	 3028.95	 3028.95	 3026.60	 3026.60	         162676	
 2020/01/23-10:41	 3026.60	 3027.21	 3025.95	 3026.65	         147329	
 2020/01/23-10:42	 3027.24	 3027.24	 3024.62	 3024.97	         118212	
 2020/01/23-10:43	 3024.64	 3024.64	 3022.04	 3022.04	         185753	
 2020/01/23-10:44	 3022.25	 3022.25	 3020.90	 3022.02	         164931	
 2020/01/23-10:45	 3021.21	 3022.26	 3021.16	 3022.26	         125773	
 2020/01/23-10:46	 3022.08	 3022.26	 3021.24	 3021.27	         129245	
 2020/01/23-10:47	 3021.02	 3021.36	 3018.88	 3018.88	         137817	
 2020/01/23-10:48	 3018.67	 3018.90	 3018.05	 3018.33	         136420	
 2020/01/23-10:49	 3017.80	 3018.50	 3016.02	 3016.02	         142685	
 2020/01/23-10:50	 3015.48	 3015.48	 3013.78	 3013.78	         180725	
 2020/01/23-10:51	 3013.81	 3017.58	 3012.54	 3017.58	         198600	
 2020/01/23-10:52	 3017.25	 3020.16	 3017.22	 3019.57	         123873	
 2020/01/23-10:53	 3020.22	 3021.56	 3019.32	 3021.56	         103910	
 2020/01/23-10:54	 3021.66	 3021.66	 3019.75	 3019.75	          91253	
 2020/01/23-10:55	 3020.44	 3022.23	 3020.22	 3022.16	          92692	
 2020/01/23-10:56	 3022.72	 3023.73	 3022.47	 3023.73	          84374	
 2020/01/23-10:57	 3022.83	 3022.83	 3020.50	 3021.09	          89322	
 2020/01/23-10:58	 3021.03	 3021.60	 3020.29	 3021.11	          69599	
 2020/01/23-10:59	 3020.75	 3021.09	 3020.01	 3020.01	          72071	
 2020/01/23-11:00	 3019.32	 3020.17	 3018.21	 3018.21	          78929	
 2020/01/23-11:01	 3017.97	 3018.37	 3017.57	 3017.60	          89622	
 2020/01/23-11:02	 3017.39	 3020.37	 3017.39	 3020.30	          81256	
 2020/01/23-11:03	 3020.36	 3021.31	 3019.88	 3020.80	          65845	
 2020/01/23-11:04	 3020.96	 3021.89	 3020.63	 3021.34	          68206	
 2020/01/23-11:05	 3022.12	 3024.71	 3021.87	 3024.46	          83897	
 2020/01/23-11:06	 3024.38	 3027.61	 3024.38	 3026.94	          92897	
 2020/01/23-11:07	 3026.87	 3027.20	 3025.41	 3025.53	          77376	
 2020/01/23-11:08	 3025.39	 3026.65	 3025.39	 3026.15	          58726	
 2020/01/23-11:09	 3026.04	 3026.57	 3025.36	 3025.36	          65480	
 2020/01/23-11:10	 3026.20	 3026.20	 3025.04	 3025.04	          55641	
 2020/01/23-11:11	 3025.34	 3025.45	 3022.52	 3022.52	          81176	
 2020/01/23-11:12	 3023.25	 3023.47	 3022.39	 3022.42	          59541	
 2020/01/23-11:13	 3022.62	 3023.11	 3021.81	 3021.81	          57837	
 2020/01/23-11:14	 3022.22	 3022.22	 3019.41	 3019.41	          72967	
 2020/01/23-11:15	 3018.83	 3019.01	 3016.48	 3016.48	          95533	
 2020/01/23-11:16	 3016.48	 3017.73	 3015.96	 3015.96	          81797	
 2020/01/23-11:17	 3015.97	 3016.30	 3015.28	 3015.28	          79672	
 2020/01/23-11:18	 3015.88	 3016.44	 3015.15	 3015.43	          79119	
 2020/01/23-11:19	 3016.02	 3016.02	 3012.95	 3013.89	         118271	
 2020/01/23-11:20	 3013.59	 3013.59	 3011.16	 3011.81	         123694	
 2020/01/23-11:21	 3011.49	 3011.54	 3010.58	 3011.26	         128029	
 2020/01/23-11:22	 3011.34	 3011.34	 3010.67	 3011.01	          96709	
 2020/01/23-11:23	 3011.26	 3011.26	 3009.80	 3009.83	          96927	
 2020/01/23-11:24	 3009.71	 3010.71	 3009.52	 3010.44	         100510	
 2020/01/23-11:25	 3010.54	 3013.46	 3009.83	 3013.15	          97692	
 2020/01/23-11:26	 3013.78	 3014.08	 3012.77	 3014.08	          76067	
 2020/01/23-11:27	 3013.79	 3017.38	 3013.79	 3017.38	          79198	
 2020/01/23-11:28	 3017.53	 3018.56	 3017.12	 3017.53	          67828	
 2020/01/23-11:29	 3017.54	 3017.90	 3016.20	 3016.54	          55710	
 2020/01/23-11:30	 3016.24	 3016.86	 3016.01	 3016.18	          55051	
 2020/01/23-13:01	 3016.18	 3016.18	 3009.48	 3010.01	         282266	
 2020/01/23-13:02	 3008.90	 3008.90	 3007.16	 3007.16	         120941	
 2020/01/23-13:03	 3007.25	 3007.74	 3005.05	 3005.17	         113449	
 2020/01/23-13:04	 3005.02	 3005.27	 3002.17	 3002.98	         135598	
 2020/01/23-13:05	 3001.97	 3001.97	 3000.37	 3001.03	         144723	
 2020/01/23-13:06	 3000.33	 3000.72	 2999.85	 2999.85	         130677	
 2020/01/23-13:07	 2999.75	 3000.15	 2996.65	 2996.65	         157971	
 2020/01/23-13:08	 2996.71	 2996.71	 2994.57	 2994.75	         175775	
 2020/01/23-13:09	 2994.88	 2994.88	 2992.01	 2992.10	         177530	
 2020/01/23-13:10	 2991.90	 2991.90	 2989.86	 2990.03	         187539	
 2020/01/23-13:11	 2990.19	 2994.17	 2990.19	 2993.84	         198054	
 2020/01/23-13:12	 2994.09	 2994.09	 2992.42	 2992.42	         138805	
 2020/01/23-13:13	 2992.66	 2992.66	 2990.10	 2990.10	         124629	
 2020/01/23-13:14	 2989.10	 2989.10	 2986.61	 2986.61	         206538	
 2020/01/23-13:15	 2986.60	 2987.23	 2985.91	 2986.48	         188461	
 2020/01/23-13:16	 2986.42	 2986.42	 2984.65	 2984.92	         169982	
 2020/01/23-13:17	 2985.22	 2988.40	 2985.03	 2988.40	         163626	
 2020/01/23-13:18	 2988.89	 2990.17	 2988.89	 2990.17	         127162	
 2020/01/23-13:19	 2990.41	 2990.41	 2989.30	 2989.87	         121937	
 2020/01/23-13:20	 2989.20	 2990.49	 2989.20	 2990.49	         101720	
 2020/01/23-13:21	 2990.98	 2991.09	 2990.20	 2990.97	          87359	
 2020/01/23-13:22	 2992.30	 2992.41	 2991.14	 2991.14	         124028	
 2020/01/23-13:23	 2991.41	 2991.41	 2989.24	 2989.39	         113660	
 2020/01/23-13:24	 2988.71	 2988.71	 2986.26	 2986.26	         108539	
 2020/01/23-13:25	 2985.44	 2985.44	 2982.77	 2982.95	         205330	
 2020/01/23-13:26	 2982.83	 2984.74	 2982.83	 2984.50	         183061	
 2020/01/23-13:27	 2982.93	 2983.27	 2981.50	 2981.55	         157012	
 2020/01/23-13:28	 2981.16	 2981.16	 2978.55	 2978.55	         152616	
 2020/01/23-13:29	 2978.86	 2979.13	 2976.01	 2976.01	         181041	
 2020/01/23-13:30	 2975.08	 2975.75	 2974.28	 2974.28	         221374	
 2020/01/23-13:31	 2972.67	 2972.78	 2968.91	 2968.91	         233789	
 2020/01/23-13:32	 2968.00	 2968.00	 2965.13	 2965.13	         249040	
 2020/01/23-13:33	 2964.63	 2964.63	 2961.15	 2961.15	         256835	
 2020/01/23-13:34	 2960.96	 2962.58	 2960.96	 2961.82	         195192	
 2020/01/23-13:35	 2963.14	 2966.17	 2963.14	 2966.17	         211214	
 2020/01/23-13:36	 2968.43	 2971.08	 2968.43	 2971.08	         207034	
 2020/01/23-13:37	 2973.86	 2977.44	 2973.86	 2977.44	         162237	
 2020/01/23-13:38	 2977.68	 2977.94	 2976.38	 2977.23	         122855	
 2020/01/23-13:39	 2977.81	 2977.81	 2976.70	 2976.71	         124423	
 2020/01/23-13:40	 2977.19	 2979.29	 2976.30	 2979.29	         112082	
 2020/01/23-13:41	 2979.67	 2980.30	 2979.43	 2980.03	         104751	
 2020/01/23-13:42	 2979.55	 2980.08	 2978.98	 2978.98	         101970	
 2020/01/23-13:43	 2978.76	 2979.50	 2978.58	 2979.35	         103286	
 2020/01/23-13:44	 2979.63	 2980.05	 2979.26	 2979.35	          86486	
 2020/01/23-13:45	 2979.51	 2980.98	 2979.31	 2980.98	          92975	
 2020/01/23-13:46	 2981.21	 2982.21	 2980.78	 2981.73	          81246	
 2020/01/23-13:47	 2981.69	 2982.50	 2981.49	 2982.22	          98842	
 2020/01/23-13:48	 2982.49	 2982.71	 2982.17	 2982.41	          91575	
 2020/01/23-13:49	 2982.95	 2982.95	 2981.42	 2981.42	          85537	
 2020/01/23-13:50	 2981.23	 2981.63	 2979.69	 2979.69	          89227	
 2020/01/23-13:51	 2979.54	 2979.54	 2978.07	 2978.50	         101698	
 2020/01/23-13:52	 2978.27	 2979.67	 2978.07	 2979.54	          93493	
 2020/01/23-13:53	 2978.63	 2979.25	 2978.50	 2978.95	          78892	
 2020/01/23-13:54	 2979.51	 2979.51	 2978.13	 2978.14	          73441	
 2020/01/23-13:55	 2978.87	 2978.87	 2977.68	 2978.21	          79275	
 2020/01/23-13:56	 2978.00	 2978.09	 2976.64	 2976.64	          77221	
 2020/01/23-13:57	 2977.06	 2977.06	 2975.92	 2975.92	          77899	
 2020/01/23-13:58	 2976.39	 2976.39	 2974.30	 2974.45	         102005	
 2020/01/23-13:59	 2973.78	 2974.34	 2971.14	 2971.57	         120263	
 2020/01/23-14:00	 2970.81	 2971.40	 2970.36	 2970.77	         115466	
 2020/01/23-14:01	 2970.74	 2970.74	 2969.79	 2970.53	         103625	
 2020/01/23-14:02	 2970.29	 2973.61	 2970.29	 2973.42	         123712	
 2020/01/23-14:03	 2973.51	 2975.15	 2973.51	 2975.15	          87677	
 2020/01/23-14:04	 2974.36	 2976.26	 2974.36	 2976.26	          85265	
 2020/01/23-14:05	 2975.91	 2976.43	 2975.44	 2976.37	          79239	
 2020/01/23-14:06	 2975.78	 2978.23	 2975.76	 2977.68	          84087	
 2020/01/23-14:07	 2977.48	 2978.42	 2976.86	 2978.42	          85095	
 2020/01/23-14:08	 2978.25	 2978.25	 2977.76	 2977.92	          82521	
 2020/01/23-14:09	 2977.93	 2978.17	 2975.43	 2975.43	         103337	
 2020/01/23-14:10	 2975.53	 2975.53	 2974.33	 2974.33	          93906	
 2020/01/23-14:11	 2974.37	 2975.06	 2974.21	 2974.70	          87310	
 2020/01/23-14:12	 2974.99	 2975.33	 2974.65	 2975.27	          79339	
 2020/01/23-14:13	 2975.25	 2975.25	 2973.81	 2974.15	          84038	
 2020/01/23-14:14	 2974.32	 2974.36	 2972.66	 2972.66	          84158	
 2020/01/23-14:15	 2972.73	 2973.12	 2969.54	 2969.54	         120278	
 2020/01/23-14:16	 2969.79	 2969.79	 2967.46	 2967.46	         149159	
 2020/01/23-14:17	 2967.08	 2967.35	 2964.12	 2964.12	         161013	
 2020/01/23-14:18	 2964.07	 2964.10	 2963.03	 2963.03	         147960	
 2020/01/23-14:19	 2963.47	 2964.65	 2962.96	 2963.75	         132890	
 2020/01/23-14:20	 2963.95	 2964.75	 2963.71	 2963.71	         113604	
 2020/01/23-14:21	 2963.91	 2964.94	 2963.47	 2964.34	         112476	
 2020/01/23-14:22	 2965.05	 2966.25	 2964.99	 2966.25	         101606	
 2020/01/23-14:23	 2966.20	 2966.81	 2965.99	 2966.52	          93980	
 2020/01/23-14:24	 2966.39	 2966.60	 2966.09	 2966.49	          92890	
 2020/01/23-14:25	 2966.28	 2967.42	 2966.28	 2967.28	          96704	
 2020/01/23-14:26	 2967.06	 2968.15	 2967.06	 2968.15	          90908	
 2020/01/23-14:27	 2968.02	 2968.60	 2967.85	 2968.12	          92176	
 2020/01/23-14:28	 2967.48	 2968.60	 2967.48	 2968.51	          89469	
 2020/01/23-14:29	 2968.47	 2968.47	 2964.42	 2964.53	         151761	
 2020/01/23-14:30	 2964.23	 2964.48	 2962.85	 2962.85	         153134	
 2020/01/23-14:31	 2963.04	 2963.37	 2962.30	 2962.30	         138257	
 2020/01/23-14:32	 2961.93	 2962.42	 2960.89	 2960.89	         145666	
 2020/01/23-14:33	 2960.43	 2960.43	 2956.53	 2956.53	         177258	
 2020/01/23-14:34	 2956.73	 2959.25	 2956.57	 2959.15	         197194	
 2020/01/23-14:35	 2959.33	 2959.33	 2958.52	 2958.52	         133778	
 2020/01/23-14:36	 2958.59	 2958.82	 2957.72	 2958.01	         125960	
 2020/01/23-14:37	 2957.89	 2957.89	 2956.29	 2956.76	         131225	
 2020/01/23-14:38	 2956.67	 2957.10	 2956.10	 2956.30	         136275	
 2020/01/23-14:39	 2956.59	 2956.79	 2955.42	 2955.83	         142809	
 2020/01/23-14:40	 2955.78	 2956.48	 2955.64	 2956.48	         139234	
 2020/01/23-14:41	 2956.71	 2958.27	 2956.71	 2958.27	         150582	
 2020/01/23-14:42	 2958.81	 2962.08	 2958.39	 2962.08	         142144	
 2020/01/23-14:43	 2962.71	 2965.74	 2962.71	 2965.74	         137494	
 2020/01/23-14:44	 2966.04	 2968.82	 2966.04	 2968.82	         132651	
 2020/01/23-14:45	 2969.34	 2971.36	 2969.34	 2971.36	         127129	
 2020/01/23-14:46	 2972.00	 2972.83	 2971.67	 2972.83	         131248	
 2020/01/23-14:47	 2972.78	 2973.92	 2972.78	 2973.14	         133077	
 2020/01/23-14:48	 2973.17	 2974.51	 2973.17	 2974.08	         122431	
 2020/01/23-14:49	 2974.18	 2975.90	 2973.90	 2975.90	         119612	
 2020/01/23-14:50	 2976.13	 2977.56	 2975.98	 2977.56	         132585	
 2020/01/23-14:51	 2977.82	 2979.02	 2977.82	 2979.02	         152020	
 2020/01/23-14:52	 2978.58	 2979.95	 2978.58	 2978.95	         157987	
 2020/01/23-14:53	 2978.63	 2979.59	 2978.63	 2979.57	         165891	
 2020/01/23-14:54	 2979.12	 2980.05	 2979.12	 2979.47	         176714	
 2020/01/23-14:55	 2978.97	 2979.51	 2978.44	 2978.44	         187229	
 2020/01/23-14:56	 2978.12	 2979.26	 2977.58	 2977.58	         197296	
 2020/01/23-14:57	 2978.13	 2978.66	 2977.47	 2978.18	         208368	
 2020/01/23-14:58	 2978.98	 2978.98	 2978.83	 2978.83	           7743	
 2020/01/23-14:59	 2978.83	 2978.83	 2978.83	 2978.83	              0	
 2020/01/23-15:00	 2978.66	 2978.66	 2976.53	 2976.53	         400035	
 2020/02/03-09:31	 2716.70	 2728.46	 2716.70	 2728.46	        2853099	
 2020/02/03-09:32	 2728.75	 2732.35	 2728.75	 2732.35	         494563	
 2020/02/03-09:33	 2733.66	 2736.42	 2733.03	 2735.82	         512835	
 2020/02/03-09:34	 2735.63	 2736.12	 2734.82	 2735.93	         433557	
 2020/02/03-09:35	 2736.47	 2737.23	 2735.87	 2736.79	         362747	
 2020/02/03-09:36	 2737.06	 2738.05	 2737.06	 2738.05	         349804	
 2020/02/03-09:37	 2738.35	 2738.35	 2736.28	 2736.28	         306302	
 2020/02/03-09:38	 2735.64	 2736.49	 2735.60	 2735.64	         275091	
 2020/02/03-09:39	 2735.53	 2735.53	 2734.40	 2735.27	         277770	
 2020/02/03-09:40	 2735.27	 2736.51	 2734.92	 2736.51	         250193	
 2020/02/03-09:41	 2736.77	 2740.12	 2735.92	 2740.12	         251287	
 2020/02/03-09:42	 2740.48	 2743.30	 2740.24	 2743.30	         240541	
 2020/02/03-09:43	 2743.69	 2746.99	 2743.69	 2746.99	         235891	
 2020/02/03-09:44	 2748.03	 2753.09	 2748.03	 2753.09	         254604	
 2020/02/03-09:45	 2753.48	 2757.68	 2753.48	 2757.68	         255797	
 2020/02/03-09:46	 2757.85	 2761.64	 2757.85	 2761.38	         261194	
 2020/02/03-09:47	 2761.57	 2761.57	 2757.77	 2757.77	         239940	
 2020/02/03-09:48	 2757.35	 2757.63	 2754.71	 2754.71	         228893	
 2020/02/03-09:49	 2754.70	 2754.94	 2753.64	 2754.27	         208981	
 2020/02/03-09:50	 2754.47	 2756.83	 2754.47	 2756.69	         199294	
 2020/02/03-09:51	 2757.55	 2757.91	 2755.72	 2755.72	         182284	
 2020/02/03-09:52	 2755.97	 2756.40	 2755.65	 2756.18	         173370	
 2020/02/03-09:53	 2756.54	 2757.61	 2756.54	 2757.53	         173154	
 2020/02/03-09:54	 2757.34	 2758.54	 2757.28	 2758.02	         166355	
 2020/02/03-09:55	 2758.29	 2758.99	 2758.04	 2758.35	         178513	
 2020/02/03-09:56	 2758.16	 2758.99	 2757.98	 2758.99	         171719	
 2020/02/03-09:57	 2758.85	 2762.26	 2758.85	 2761.18	         186964	
 2020/02/03-09:58	 2761.98	 2762.71	 2761.44	 2762.70	         179324	
 2020/02/03-09:59	 2762.25	 2762.75	 2762.00	 2762.35	         194713	
 2020/02/03-10:00	 2762.83	 2763.16	 2762.25	 2762.67	         171278	
 2020/02/03-10:01	 2762.17	 2763.31	 2762.10	 2762.63	         178635	
 2020/02/03-10:02	 2762.07	 2763.20	 2761.93	 2762.91	         173468	
 2020/02/03-10:03	 2763.52	 2765.14	 2763.38	 2764.96	         174919	
 2020/02/03-10:04	 2765.68	 2766.58	 2765.25	 2765.81	         167999	
 2020/02/03-10:05	 2765.66	 2765.78	 2764.67	 2764.67	         203007	
 2020/02/03-10:06	 2764.75	 2765.13	 2764.16	 2764.45	         178035	
 2020/02/03-10:07	 2764.35	 2764.35	 2761.95	 2761.99	         159713	
 2020/02/03-10:08	 2762.36	 2762.36	 2760.94	 2761.23	         143766	
 2020/02/03-10:09	 2760.83	 2760.83	 2758.57	 2758.58	         145196	
 2020/02/03-10:10	 2757.92	 2758.55	 2757.24	 2757.30	         139700	
 2020/02/03-10:11	 2757.16	 2757.16	 2754.39	 2754.39	         146918	
 2020/02/03-10:12	 2754.48	 2755.12	 2754.24	 2754.34	         131373	
 2020/02/03-10:13	 2754.42	 2755.95	 2754.42	 2755.57	         133678	
 2020/02/03-10:14	 2755.79	 2755.80	 2755.07	 2755.32	         120743	
 2020/02/03-10:15	 2755.38	 2755.52	 2754.54	 2755.14	         112398	
 2020/02/03-10:16	 2754.82	 2755.49	 2754.82	 2754.95	         113987	
 2020/02/03-10:17	 2755.21	 2755.21	 2754.39	 2754.62	         101661	
 2020/02/03-10:18	 2755.15	 2756.28	 2754.74	 2756.00	         105804	
 2020/02/03-10:19	 2756.36	 2756.54	 2755.71	 2756.34	          97767	
 2020/02/03-10:20	 2756.84	 2756.84	 2755.47	 2756.12	          88052	
 2020/02/03-10:21	 2755.48	 2756.08	 2755.48	 2755.72	          97655	
 2020/02/03-10:22	 2755.68	 2756.17	 2755.32	 2755.83	          91396	
 2020/02/03-10:23	 2755.52	 2755.65	 2754.34	 2754.50	          86057	
 2020/02/03-10:24	 2754.24	 2754.73	 2753.76	 2753.93	          86319	
 2020/02/03-10:25	 2753.91	 2754.12	 2752.62	 2752.84	          89162	
 2020/02/03-10:26	 2752.93	 2752.93	 2750.43	 2750.97	          89177	
 2020/02/03-10:27	 2751.21	 2751.21	 2749.83	 2749.84	          93521	
 2020/02/03-10:28	 2749.69	 2749.83	 2748.59	 2748.61	          87190	
 2020/02/03-10:29	 2748.54	 2748.54	 2747.77	 2747.92	          83378	
 2020/02/03-10:30	 2747.52	 2748.05	 2747.06	 2747.06	          89400	
 2020/02/03-10:31	 2747.30	 2747.81	 2747.00	 2747.13	         105480	
 2020/02/03-10:32	 2747.89	 2747.89	 2746.35	 2746.72	          88904	
 2020/02/03-10:33	 2746.92	 2746.96	 2746.53	 2746.92	          72015	
 2020/02/03-10:34	 2746.97	 2747.16	 2745.74	 2745.74	          74717	
 2020/02/03-10:35	 2745.52	 2745.99	 2744.85	 2745.47	          70080	
 2020/02/03-10:36	 2745.28	 2745.30	 2744.92	 2744.99	          86782	
 2020/02/03-10:37	 2745.23	 2745.81	 2744.86	 2744.94	          74552	
 2020/02/03-10:38	 2745.03	 2745.33	 2744.66	 2744.83	          67343	
 2020/02/03-10:39	 2744.80	 2744.99	 2744.04	 2744.37	          70472	
 2020/02/03-10:40	 2743.97	 2744.51	 2743.43	 2743.43	          64436	
 2020/02/03-10:41	 2743.70	 2743.70	 2742.64	 2742.69	          66256	
 2020/02/03-10:42	 2743.32	 2743.32	 2742.41	 2742.45	          65978	
 2020/02/03-10:43	 2742.48	 2742.65	 2741.86	 2741.86	          61213	
 2020/02/03-10:44	 2741.80	 2741.81	 2741.19	 2741.23	          68750	
 2020/02/03-10:45	 2741.51	 2741.61	 2740.53	 2740.81	          72176	
 2020/02/03-10:46	 2740.67	 2740.73	 2739.56	 2739.93	          69120	
 2020/02/03-10:47	 2739.28	 2739.66	 2738.51	 2738.79	          65032	
 2020/02/03-10:48	 2738.61	 2738.61	 2736.85	 2736.85	          75741	
 2020/02/03-10:49	 2736.86	 2737.21	 2736.22	 2736.53	          69535	
 2020/02/03-10:50	 2736.10	 2736.72	 2735.48	 2735.77	          67248	
 2020/02/03-10:51	 2735.64	 2735.87	 2735.04	 2735.12	          80073	
 2020/02/03-10:52	 2735.28	 2735.68	 2734.77	 2734.77	          65916	
 2020/02/03-10:53	 2734.68	 2734.92	 2734.46	 2734.75	          64030	
 2020/02/03-10:54	 2734.65	 2734.65	 2733.85	 2734.26	          70842	
 2020/02/03-10:55	 2733.85	 2734.71	 2733.85	 2734.67	          62839	
 2020/02/03-10:56	 2734.86	 2734.86	 2733.73	 2734.04	          56382	
 2020/02/03-10:57	 2733.65	 2734.55	 2733.65	 2734.14	          57434	
 2020/02/03-10:58	 2734.39	 2734.59	 2733.95	 2734.38	          55061	
 2020/02/03-10:59	 2733.67	 2734.70	 2733.67	 2733.94	          55862	
 2020/02/03-11:00	 2733.81	 2734.35	 2733.72	 2733.89	          54052	
 2020/02/03-11:01	 2734.20	 2734.33	 2733.51	 2733.86	          53143	
 2020/02/03-11:02	 2734.11	 2734.65	 2733.56	 2734.65	          46581	
 2020/02/03-11:03	 2733.94	 2734.21	 2733.57	 2733.93	          49033	
 2020/02/03-11:04	 2733.52	 2734.05	 2733.23	 2733.96	          46869	
 2020/02/03-11:05	 2733.19	 2733.26	 2732.71	 2733.09	          55666	
 2020/02/03-11:06	 2732.99	 2733.42	 2732.36	 2732.86	          48186	
 2020/02/03-11:07	 2733.06	 2733.38	 2732.20	 2732.72	          60066	
 2020/02/03-11:08	 2732.14	 2732.90	 2732.10	 2732.70	          50916	
 2020/02/03-11:09	 2732.09	 2732.71	 2731.86	 2732.32	          53957	
 2020/02/03-11:10	 2732.00	 2732.29	 2731.30	 2732.16	          50993	
 2020/02/03-11:11	 2731.67	 2732.29	 2731.67	 2731.86	          51704	
 2020/02/03-11:12	 2731.97	 2732.18	 2731.29	 2731.97	          51355	
 2020/02/03-11:13	 2731.19	 2732.17	 2730.94	 2730.94	          62567	
 2020/02/03-11:14	 2731.26	 2731.87	 2730.51	 2731.28	          53279	
 2020/02/03-11:15	 2730.94	 2730.94	 2730.00	 2730.00	          59210	
 2020/02/03-11:16	 2730.14	 2730.81	 2729.88	 2730.05	          60628	
 2020/02/03-11:17	 2730.17	 2732.03	 2729.83	 2731.68	          80199	
 2020/02/03-11:18	 2731.30	 2731.79	 2731.12	 2731.12	          56739	
 2020/02/03-11:19	 2730.85	 2731.63	 2730.68	 2731.63	          56211	
 2020/02/03-11:20	 2731.37	 2732.18	 2730.92	 2732.14	          53013	
 2020/02/03-11:21	 2731.95	 2732.83	 2731.79	 2732.00	          48491	
 2020/02/03-11:22	 2732.50	 2732.68	 2731.63	 2732.67	          42919	
 2020/02/03-11:23	 2732.10	 2732.45	 2731.89	 2731.98	          41839	
 2020/02/03-11:24	 2732.14	 2732.50	 2731.37	 2732.11	          36474	
 2020/02/03-11:25	 2731.52	 2731.85	 2731.26	 2731.47	          41687	
 2020/02/03-11:26	 2731.26	 2732.55	 2731.26	 2732.55	          40894	
 2020/02/03-11:27	 2732.28	 2734.10	 2732.28	 2733.56	          48727	
 2020/02/03-11:28	 2733.55	 2734.01	 2732.91	 2733.82	          52184	
 2020/02/03-11:29	 2734.18	 2734.51	 2733.58	 2734.51	          57042	
 2020/02/03-11:30	 2734.62	 2735.29	 2734.10	 2734.66	          43799	
 2020/02/03-13:01	 2734.59	 2735.70	 2734.13	 2735.48	         183186	
 2020/02/03-13:02	 2735.35	 2737.00	 2735.16	 2736.78	          63622	
 2020/02/03-13:03	 2737.11	 2738.30	 2736.65	 2737.53	          56159	
 2020/02/03-13:04	 2737.42	 2739.12	 2737.09	 2738.55	          73111	
 2020/02/03-13:05	 2737.69	 2740.67	 2737.69	 2740.67	          65388	
 2020/02/03-13:06	 2740.18	 2741.23	 2739.99	 2741.23	          63856	
 2020/02/03-13:07	 2741.25	 2741.73	 2740.90	 2741.71	          55017	
 2020/02/03-13:08	 2741.94	 2742.03	 2741.34	 2741.74	          55533	
 2020/02/03-13:09	 2742.04	 2742.43	 2741.56	 2742.32	          51763	
 2020/02/03-13:10	 2742.39	 2742.73	 2742.06	 2742.73	          69330	
 2020/02/03-13:11	 2742.51	 2742.69	 2742.10	 2742.55	          51173	
 2020/02/03-13:12	 2742.70	 2742.70	 2741.54	 2741.54	          54517	
 2020/02/03-13:13	 2741.49	 2743.75	 2741.49	 2743.53	          54419	
 2020/02/03-13:14	 2743.63	 2744.34	 2743.34	 2744.26	          54799	
 2020/02/03-13:15	 2743.87	 2745.21	 2743.87	 2745.08	          56465	
 2020/02/03-13:16	 2744.77	 2745.68	 2744.47	 2745.53	          54199	
 2020/02/03-13:17	 2745.51	 2747.34	 2745.51	 2746.85	          58341	
 2020/02/03-13:18	 2747.01	 2749.30	 2747.01	 2749.30	          60558	
 2020/02/03-13:19	 2748.89	 2749.88	 2748.39	 2749.81	          66769	
 2020/02/03-13:20	 2749.61	 2750.34	 2749.50	 2750.30	          59468	
 2020/02/03-13:21	 2750.19	 2751.28	 2749.84	 2751.07	          62596	
 2020/02/03-13:22	 2751.07	 2752.09	 2750.46	 2751.61	          68349	
 2020/02/03-13:23	 2751.78	 2751.87	 2751.38	 2751.38	          69554	
 2020/02/03-13:24	 2751.28	 2752.47	 2751.14	 2751.74	          55494	
 2020/02/03-13:25	 2751.97	 2752.42	 2751.71	 2752.22	          75749	
 2020/02/03-13:26	 2752.49	 2752.49	 2751.72	 2752.19	          78725	
 2020/02/03-13:27	 2752.45	 2752.45	 2751.53	 2751.55	          52887	
 2020/02/03-13:28	 2751.77	 2751.83	 2750.71	 2751.29	          65445	
 2020/02/03-13:29	 2750.94	 2750.94	 2749.25	 2749.83	          61398	
 2020/02/03-13:30	 2749.46	 2750.06	 2749.45	 2750.05	          62075	
 2020/02/03-13:31	 2749.87	 2750.39	 2749.61	 2750.00	          57479	
 2020/02/03-13:32	 2749.91	 2749.91	 2748.34	 2748.34	          45760	
 2020/02/03-13:33	 2748.62	 2748.62	 2747.66	 2747.71	          48113	
 2020/02/03-13:34	 2748.05	 2748.14	 2747.06	 2747.21	          52130	
 2020/02/03-13:35	 2747.19	 2747.36	 2746.87	 2747.23	          56249	
 2020/02/03-13:36	 2747.13	 2747.66	 2746.91	 2747.38	          46397	
 2020/02/03-13:37	 2746.96	 2746.96	 2745.82	 2746.33	          53888	
 2020/02/03-13:38	 2745.91	 2745.99	 2745.07	 2745.07	          48450	
 2020/02/03-13:39	 2745.59	 2745.70	 2745.11	 2745.48	          45794	
 2020/02/03-13:40	 2745.33	 2745.47	 2744.82	 2745.04	          43894	
 2020/02/03-13:41	 2745.64	 2745.98	 2744.97	 2745.49	          42328	
 2020/02/03-13:42	 2745.10	 2746.27	 2745.10	 2746.15	          46869	
 2020/02/03-13:43	 2745.84	 2746.70	 2745.44	 2746.17	          49120	
 2020/02/03-13:44	 2745.72	 2746.21	 2745.57	 2745.88	          54724	
 2020/02/03-13:45	 2745.67	 2745.81	 2744.91	 2744.91	          53577	
 2020/02/03-13:46	 2745.02	 2745.23	 2744.23	 2744.55	          54057	
 2020/02/03-13:47	 2744.92	 2744.94	 2744.18	 2744.70	          55662	
 2020/02/03-13:48	 2744.83	 2744.87	 2744.32	 2744.49	          55905	
 2020/02/03-13:49	 2744.83	 2744.83	 2743.76	 2743.76	          55010	
 2020/02/03-13:50	 2743.91	 2744.28	 2743.38	 2743.88	          58731	
 2020/02/03-13:51	 2743.99	 2744.78	 2743.66	 2744.37	          56449	
 2020/02/03-13:52	 2744.27	 2744.89	 2743.78	 2744.19	          48724	
 2020/02/03-13:53	 2743.72	 2743.96	 2743.16	 2743.16	          45303	
 2020/02/03-13:54	 2743.41	 2743.93	 2743.22	 2743.39	          57217	
 2020/02/03-13:55	 2743.49	 2743.55	 2742.66	 2743.01	          55726	
 2020/02/03-13:56	 2742.40	 2743.68	 2742.17	 2742.98	          47682	
 2020/02/03-13:57	 2742.87	 2743.03	 2742.25	 2742.65	          47692	
 2020/02/03-13:58	 2742.36	 2742.97	 2742.17	 2742.49	          42745	
 2020/02/03-13:59	 2742.83	 2743.10	 2741.81	 2742.54	          42842	
 2020/02/03-14:00	 2742.62	 2743.11	 2742.36	 2743.11	          44407	
 2020/02/03-14:01	 2742.35	 2742.78	 2741.98	 2742.44	          49610	
 2020/02/03-14:02	 2741.84	 2742.10	 2741.32	 2741.46	          56121	
 2020/02/03-14:03	 2741.51	 2741.62	 2740.29	 2740.29	          54584	
 2020/02/03-14:04	 2740.68	 2740.92	 2739.90	 2740.03	          51876	
 2020/02/03-14:05	 2740.07	 2740.38	 2739.05	 2739.07	          54004	
 2020/02/03-14:06	 2739.03	 2739.34	 2738.69	 2738.69	          54720	
 2020/02/03-14:07	 2738.85	 2739.39	 2738.60	 2738.99	          54671	
 2020/02/03-14:08	 2739.05	 2739.23	 2738.17	 2738.51	          61359	
 2020/02/03-14:09	 2738.00	 2738.08	 2737.27	 2737.27	          54524	
 2020/02/03-14:10	 2737.35	 2737.81	 2736.87	 2736.87	          54889	
 2020/02/03-14:11	 2736.74	 2737.36	 2736.57	 2736.89	          48984	
 2020/02/03-14:12	 2737.19	 2737.56	 2736.66	 2737.24	          53521	
 2020/02/03-14:13	 2737.36	 2738.13	 2736.86	 2737.46	          55100	
 2020/02/03-14:14	 2737.49	 2737.59	 2736.72	 2737.04	          57722	
 2020/02/03-14:15	 2736.59	 2737.14	 2736.41	 2736.79	          50634	
 2020/02/03-14:16	 2736.40	 2737.81	 2736.40	 2737.36	          55064	
 2020/02/03-14:17	 2738.17	 2739.10	 2738.16	 2738.17	          56043	
 2020/02/03-14:18	 2738.11	 2739.97	 2737.99	 2739.97	          49264	
 2020/02/03-14:19	 2738.97	 2739.35	 2738.23	 2739.06	          51948	
 2020/02/03-14:20	 2738.94	 2739.59	 2738.52	 2738.52	          48178	
 2020/02/03-14:21	 2738.96	 2739.63	 2738.71	 2739.34	          54321	
 2020/02/03-14:22	 2739.53	 2740.08	 2738.52	 2738.52	          49487	
 2020/02/03-14:23	 2738.44	 2738.84	 2738.05	 2738.17	          47665	
 2020/02/03-14:24	 2738.35	 2738.51	 2737.61	 2738.30	          49246	
 2020/02/03-14:25	 2738.20	 2739.10	 2737.67	 2739.10	          59387	
 2020/02/03-14:26	 2738.22	 2739.05	 2737.86	 2739.05	          52648	
 2020/02/03-14:27	 2738.46	 2738.59	 2737.30	 2737.30	          56839	
 2020/02/03-14:28	 2737.44	 2738.61	 2737.44	 2738.03	          61974	
 2020/02/03-14:29	 2738.00	 2738.48	 2737.46	 2737.78	          52923	
 2020/02/03-14:30	 2737.30	 2737.82	 2736.64	 2736.74	          56718	
 2020/02/03-14:31	 2737.00	 2737.00	 2736.08	 2736.22	          54163	
 2020/02/03-14:32	 2735.84	 2736.66	 2735.47	 2736.39	          61353	
 2020/02/03-14:33	 2735.58	 2735.86	 2734.87	 2734.93	          59837	
 2020/02/03-14:34	 2735.35	 2735.35	 2734.22	 2734.22	          57096	
 2020/02/03-14:35	 2734.51	 2734.89	 2733.93	 2734.17	          60825	
 2020/02/03-14:36	 2734.61	 2734.61	 2732.72	 2732.72	          69672	
 2020/02/03-14:37	 2733.80	 2733.80	 2732.46	 2732.59	          86441	
 2020/02/03-14:38	 2732.73	 2733.28	 2732.25	 2732.79	          69386	
 2020/02/03-14:39	 2732.68	 2732.82	 2732.14	 2732.77	          83294	
 2020/02/03-14:40	 2732.45	 2732.96	 2732.24	 2732.53	          79039	
 2020/02/03-14:41	 2732.12	 2732.65	 2731.84	 2732.02	          77525	
 2020/02/03-14:42	 2732.25	 2732.77	 2731.80	 2732.25	          78151	
 2020/02/03-14:43	 2731.52	 2732.45	 2731.52	 2731.71	          70262	
 2020/02/03-14:44	 2731.48	 2731.99	 2731.35	 2731.63	          87395	
 2020/02/03-14:45	 2731.92	 2731.92	 2730.86	 2731.05	          74997	
 2020/02/03-14:46	 2730.87	 2731.07	 2729.87	 2730.16	          95598	
 2020/02/03-14:47	 2730.19	 2730.30	 2729.38	 2729.38	          88922	
 2020/02/03-14:48	 2729.55	 2729.58	 2728.79	 2728.85	          86527	
 2020/02/03-14:49	 2728.65	 2729.76	 2728.65	 2728.91	         105434	
 2020/02/03-14:50	 2729.30	 2730.29	 2729.00	 2729.81	         100784	
 2020/02/03-14:51	 2730.34	 2731.47	 2729.96	 2731.47	         107657	
 2020/02/03-14:52	 2731.08	 2733.13	 2731.08	 2733.13	         131832	
 2020/02/03-14:53	 2732.15	 2734.42	 2732.02	 2733.09	         148257	
 2020/02/03-14:54	 2733.07	 2735.11	 2733.00	 2735.11	         134488	
 2020/02/03-14:55	 2734.96	 2736.15	 2734.74	 2735.93	         154404	
 2020/02/03-14:56	 2736.57	 2736.70	 2735.20	 2736.19	         160840	
 2020/02/03-14:57	 2736.30	 2742.79	 2736.30	 2742.79	         274243	
 2020/02/03-14:58	 2743.47	 2743.47	 2743.01	 2743.01	          18464	
 2020/02/03-14:59	 2743.01	 2743.01	 2743.01	 2743.01	              0	
 2020/02/03-15:00	 2743.01	 2746.61	 2743.01	 2746.61	         325224	
 2020/02/04-09:31	 2685.27	 2724.79	 2685.27	 2724.79	        1993536	
 2020/02/04-09:32	 2726.07	 2736.55	 2726.07	 2736.50	         622489	
 2020/02/04-09:33	 2736.66	 2736.66	 2732.24	 2732.24	         621204	
 2020/02/04-09:34	 2731.85	 2738.30	 2731.85	 2738.30	         549895	
 2020/02/04-09:35	 2738.75	 2740.68	 2738.61	 2740.68	         534238	
 2020/02/04-09:36	 2741.11	 2746.66	 2741.11	 2746.66	         484796	
 2020/02/04-09:37	 2747.34	 2751.38	 2747.34	 2751.38	         465930	
 2020/02/04-09:38	 2751.51	 2757.66	 2751.51	 2757.66	         426841	
 2020/02/04-09:39	 2758.46	 2760.45	 2758.12	 2760.40	         420155	
 2020/02/04-09:40	 2760.48	 2761.86	 2759.47	 2759.47	         437995	
 2020/02/04-09:41	 2759.55	 2759.55	 2754.96	 2754.96	         414276	
 2020/02/04-09:42	 2754.03	 2754.03	 2748.98	 2748.98	         369294	
 2020/02/04-09:43	 2748.96	 2748.96	 2745.77	 2745.77	         351759	
 2020/02/04-09:44	 2746.30	 2746.30	 2741.66	 2741.66	         317675	
 2020/02/04-09:45	 2740.78	 2741.12	 2738.39	 2738.82	         307926	
 2020/02/04-09:46	 2738.69	 2744.06	 2738.56	 2744.06	         333625	
 2020/02/04-09:47	 2744.67	 2747.10	 2744.67	 2746.34	         285138	
 2020/02/04-09:48	 2747.26	 2750.50	 2747.26	 2750.50	         272191	
 2020/02/04-09:49	 2750.74	 2751.90	 2750.67	 2751.88	         273582	
 2020/02/04-09:50	 2751.72	 2752.74	 2751.54	 2752.27	         262007	
 2020/02/04-09:51	 2752.17	 2754.65	 2752.17	 2754.39	         261180	
 2020/02/04-09:52	 2755.25	 2756.44	 2754.64	 2756.44	         269226	
 2020/02/04-09:53	 2755.99	 2756.34	 2752.73	 2753.14	         272293	
 2020/02/04-09:54	 2753.31	 2756.26	 2752.65	 2756.26	         233897	
 2020/02/04-09:55	 2755.45	 2758.03	 2755.45	 2758.03	         232273	
 2020/02/04-09:56	 2758.54	 2761.44	 2757.75	 2761.44	         252094	
 2020/02/04-09:57	 2761.78	 2766.80	 2761.77	 2766.80	         251299	
 2020/02/04-09:58	 2767.61	 2768.31	 2766.45	 2768.07	         270247	
 2020/02/04-09:59	 2768.48	 2771.82	 2768.48	 2771.82	         255593	
 2020/02/04-10:00	 2771.35	 2772.06	 2769.98	 2770.23	         271753	
 2020/02/04-10:01	 2769.99	 2769.99	 2764.37	 2764.37	         277114	
 2020/02/04-10:02	 2764.35	 2765.40	 2763.79	 2764.03	         224813	
 2020/02/04-10:03	 2763.54	 2763.54	 2761.43	 2761.43	         211109	
 2020/02/04-10:04	 2762.10	 2764.15	 2761.93	 2764.08	         208752	
 2020/02/04-10:05	 2763.42	 2763.88	 2762.24	 2762.30	         194184	
 2020/02/04-10:06	 2762.51	 2762.51	 2759.66	 2760.14	         195215	
 2020/02/04-10:07	 2759.99	 2759.99	 2757.64	 2757.64	         192576	
 2020/02/04-10:08	 2757.58	 2757.97	 2756.63	 2757.00	         175076	
 2020/02/04-10:09	 2756.29	 2756.42	 2754.99	 2755.55	         185119	
 2020/02/04-10:10	 2755.45	 2757.75	 2755.45	 2757.75	         187452	
 2020/02/04-10:11	 2758.16	 2759.79	 2757.98	 2759.66	         176750	
 2020/02/04-10:12	 2759.77	 2760.39	 2759.54	 2759.80	         158977	
 2020/02/04-10:13	 2759.07	 2759.25	 2757.29	 2757.72	         175040	
 2020/02/04-10:14	 2757.10	 2758.09	 2757.10	 2757.85	         155626	
 2020/02/04-10:15	 2757.91	 2758.04	 2757.23	 2757.53	         156208	
 2020/02/04-10:16	 2757.55	 2757.90	 2756.89	 2756.89	         159961	
 2020/02/04-10:17	 2756.83	 2758.07	 2756.71	 2757.73	         165740	
 2020/02/04-10:18	 2757.91	 2759.39	 2757.88	 2759.38	         158367	
 2020/02/04-10:19	 2758.79	 2760.49	 2758.79	 2760.49	         149607	
 2020/02/04-10:20	 2760.95	 2760.95	 2759.99	 2759.99	         153593	
 2020/02/04-10:21	 2760.90	 2762.17	 2760.66	 2762.17	         160396	
 2020/02/04-10:22	 2761.55	 2762.64	 2761.55	 2762.34	         155865	
 2020/02/04-10:23	 2762.55	 2762.94	 2761.53	 2762.17	         167631	
 2020/02/04-10:24	 2762.36	 2762.69	 2761.48	 2762.05	         134723	
 2020/02/04-10:25	 2762.60	 2763.72	 2762.37	 2763.72	         136327	
 2020/02/04-10:26	 2763.67	 2765.80	 2763.67	 2765.80	         133513	
 2020/02/04-10:27	 2765.06	 2766.89	 2765.06	 2766.85	         144349	
 2020/02/04-10:28	 2767.28	 2768.20	 2767.14	 2768.00	         147555	
 2020/02/04-10:29	 2768.59	 2769.44	 2768.47	 2769.05	         152020	
 2020/02/04-10:30	 2768.82	 2769.23	 2768.16	 2768.16	         157863	
 2020/02/04-10:31	 2768.70	 2769.25	 2768.21	 2768.83	         152566	
 2020/02/04-10:32	 2768.15	 2768.15	 2766.25	 2766.54	         142966	
 2020/02/04-10:33	 2766.54	 2766.54	 2764.37	 2764.37	         154222	
 2020/02/04-10:34	 2764.04	 2764.27	 2763.58	 2763.58	         125676	
 2020/02/04-10:35	 2764.01	 2764.01	 2763.27	 2763.50	         119119	
 2020/02/04-10:36	 2763.74	 2765.47	 2763.67	 2764.01	         120899	
 2020/02/04-10:37	 2764.55	 2764.55	 2763.83	 2764.03	         109561	
 2020/02/04-10:38	 2763.92	 2764.28	 2762.45	 2762.92	         113955	
 2020/02/04-10:39	 2763.17	 2763.17	 2760.46	 2760.46	         128389	
 2020/02/04-10:40	 2760.67	 2760.67	 2759.46	 2759.46	         136621	
 2020/02/04-10:41	 2759.56	 2759.56	 2757.90	 2758.43	         141252	
 2020/02/04-10:42	 2758.85	 2758.85	 2757.74	 2758.12	         117425	
 2020/02/04-10:43	 2757.85	 2757.85	 2755.42	 2755.42	         135539	
 2020/02/04-10:44	 2755.40	 2755.40	 2753.79	 2754.36	         146779	
 2020/02/04-10:45	 2753.23	 2753.34	 2751.55	 2752.12	         154797	
 2020/02/04-10:46	 2751.69	 2751.69	 2749.80	 2749.80	         153649	
 2020/02/04-10:47	 2749.39	 2749.39	 2747.94	 2747.94	         158928	
 2020/02/04-10:48	 2747.47	 2747.47	 2745.22	 2745.28	         161220	
 2020/02/04-10:49	 2745.24	 2745.30	 2744.37	 2744.80	         155731	
 2020/02/04-10:50	 2744.05	 2745.23	 2743.71	 2745.13	         157324	
 2020/02/04-10:51	 2744.85	 2745.39	 2744.62	 2744.99	         141705	
 2020/02/04-10:52	 2745.46	 2747.44	 2745.12	 2747.44	         132672	
 2020/02/04-10:53	 2747.08	 2748.37	 2747.08	 2748.37	         122670	
 2020/02/04-10:54	 2747.87	 2749.70	 2747.85	 2749.70	         110954	
 2020/02/04-10:55	 2749.76	 2751.01	 2749.44	 2751.01	         111093	
 2020/02/04-10:56	 2750.73	 2751.05	 2749.53	 2749.81	         105504	
 2020/02/04-10:57	 2750.43	 2750.43	 2748.81	 2749.00	          97456	
 2020/02/04-10:58	 2748.72	 2748.81	 2747.38	 2747.38	         102832	
 2020/02/04-10:59	 2748.02	 2748.02	 2746.79	 2747.29	          96313	
 2020/02/04-11:00	 2747.05	 2747.20	 2745.43	 2745.63	         106582	
 2020/02/04-11:01	 2744.88	 2744.88	 2742.75	 2743.08	         130282	
 2020/02/04-11:02	 2742.71	 2744.28	 2742.39	 2742.60	         127724	
 2020/02/04-11:03	 2743.00	 2743.23	 2741.43	 2741.84	         112322	
 2020/02/04-11:04	 2741.88	 2743.02	 2741.51	 2742.34	         118659	
 2020/02/04-11:05	 2741.82	 2742.44	 2741.76	 2741.99	         105532	
 2020/02/04-11:06	 2741.55	 2741.94	 2740.69	 2740.85	         111001	
 2020/02/04-11:07	 2740.63	 2740.63	 2739.44	 2739.44	         115736	
 2020/02/04-11:08	 2739.34	 2739.78	 2738.27	 2738.39	         121321	
 2020/02/04-11:09	 2738.30	 2738.85	 2737.83	 2738.65	         116205	
 2020/02/04-11:10	 2737.80	 2738.11	 2737.53	 2737.80	         106389	
 2020/02/04-11:11	 2737.40	 2737.47	 2736.30	 2736.35	         117525	
 2020/02/04-11:12	 2736.86	 2738.02	 2736.25	 2737.38	         108396	
 2020/02/04-11:13	 2736.93	 2738.25	 2736.77	 2738.14	         113747	
 2020/02/04-11:14	 2738.65	 2740.20	 2738.17	 2739.83	         106984	
 2020/02/04-11:15	 2740.20	 2742.08	 2739.93	 2741.86	          99809	
 2020/02/04-11:16	 2741.67	 2742.38	 2741.67	 2742.08	          96860	
 2020/02/04-11:17	 2742.60	 2742.60	 2741.52	 2741.78	          87402	
 2020/02/04-11:18	 2741.67	 2742.24	 2741.09	 2741.09	          85657	
 2020/02/04-11:19	 2741.27	 2742.59	 2741.27	 2742.59	          83751	
 2020/02/04-11:20	 2742.31	 2742.90	 2741.37	 2742.85	          79962	
 2020/02/04-11:21	 2742.89	 2747.29	 2742.89	 2747.29	         106350	
 2020/02/04-11:22	 2747.27	 2748.28	 2746.59	 2748.01	         105183	
 2020/02/04-11:23	 2748.26	 2749.57	 2748.26	 2749.15	          92338	
 2020/02/04-11:24	 2749.06	 2750.43	 2749.06	 2749.94	          84806	
 2020/02/04-11:25	 2749.99	 2750.94	 2749.97	 2750.60	          80053	
 2020/02/04-11:26	 2750.94	 2751.59	 2750.17	 2750.39	          80913	
 2020/02/04-11:27	 2750.77	 2751.33	 2750.41	 2750.97	          78315	
 2020/02/04-11:28	 2750.63	 2750.97	 2750.32	 2750.72	          74620	
 2020/02/04-11:29	 2750.83	 2751.38	 2750.44	 2750.99	          75200	
 2020/02/04-11:30	 2751.04	 2752.44	 2750.61	 2752.44	          75554	
 2020/02/04-13:01	 2753.57	 2755.74	 2753.57	 2755.50	         260205	
 2020/02/04-13:02	 2755.86	 2756.74	 2754.99	 2756.74	         104334	
 2020/02/04-13:03	 2756.07	 2756.97	 2755.78	 2756.45	         100569	
 2020/02/04-13:04	 2756.74	 2758.70	 2756.74	 2758.07	         102614	
 2020/02/04-13:05	 2758.40	 2758.63	 2757.72	 2758.63	          97512	
 2020/02/04-13:06	 2758.27	 2759.10	 2758.18	 2758.30	          98533	
 2020/02/04-13:07	 2758.48	 2759.52	 2758.48	 2758.75	          98569	
 2020/02/04-13:08	 2758.24	 2759.04	 2757.97	 2758.29	          96042	
 2020/02/04-13:09	 2757.78	 2758.12	 2757.44	 2757.65	          91996	
 2020/02/04-13:10	 2757.42	 2757.85	 2756.91	 2757.83	          94103	
 2020/02/04-13:11	 2757.22	 2757.22	 2755.41	 2755.83	         103764	
 2020/02/04-13:12	 2755.36	 2755.98	 2755.24	 2755.91	          90187	
 2020/02/04-13:13	 2755.86	 2756.16	 2755.53	 2755.77	          81947	
 2020/02/04-13:14	 2756.07	 2758.37	 2756.07	 2758.34	         115443	
 2020/02/04-13:15	 2758.07	 2759.86	 2758.07	 2759.64	         104012	
 2020/02/04-13:16	 2759.82	 2761.36	 2759.82	 2760.93	         105594	
 2020/02/04-13:17	 2761.50	 2763.19	 2761.01	 2763.19	         109086	
 2020/02/04-13:18	 2763.20	 2764.19	 2763.18	 2764.18	         121942	
 2020/02/04-13:19	 2764.08	 2764.38	 2762.86	 2763.44	         105627	
 2020/02/04-13:20	 2763.44	 2764.49	 2763.44	 2764.32	          90764	
 2020/02/04-13:21	 2764.39	 2764.96	 2764.10	 2764.96	         102177	
 2020/02/04-13:22	 2764.33	 2765.17	 2764.33	 2764.67	          95870	
 2020/02/04-13:23	 2764.42	 2764.42	 2762.38	 2762.39	         118107	
 2020/02/04-13:24	 2761.51	 2761.51	 2760.53	 2760.70	         104880	
 2020/02/04-13:25	 2761.05	 2761.05	 2760.19	 2760.46	          89327	
 2020/02/04-13:26	 2761.17	 2762.74	 2761.12	 2762.46	          84136	
 2020/02/04-13:27	 2762.04	 2762.51	 2760.48	 2760.54	          92508	
 2020/02/04-13:28	 2760.14	 2760.76	 2759.75	 2759.91	          81728	
 2020/02/04-13:29	 2759.98	 2760.43	 2759.59	 2760.20	          83446	
 2020/02/04-13:30	 2759.71	 2760.56	 2759.71	 2760.36	          80573	
 2020/02/04-13:31	 2760.39	 2761.85	 2760.09	 2761.85	          90434	
 2020/02/04-13:32	 2761.83	 2763.46	 2761.83	 2763.46	          89731	
 2020/02/04-13:33	 2763.28	 2763.80	 2763.01	 2763.80	          89951	
 2020/02/04-13:34	 2764.23	 2764.86	 2763.86	 2764.45	          89066	
 2020/02/04-13:35	 2764.35	 2764.59	 2763.14	 2763.94	          91753	
 2020/02/04-13:36	 2763.58	 2764.88	 2763.58	 2764.72	          90862	
 2020/02/04-13:37	 2764.71	 2765.79	 2764.52	 2765.79	          89915	
 2020/02/04-13:38	 2764.97	 2766.08	 2764.64	 2765.99	          95318	
 2020/02/04-13:39	 2766.12	 2766.37	 2765.61	 2765.97	          94555	
 2020/02/04-13:40	 2765.61	 2766.27	 2765.29	 2766.13	          90721	
 2020/02/04-13:41	 2766.80	 2767.09	 2765.90	 2766.85	         102068	
 2020/02/04-13:42	 2767.54	 2769.02	 2767.02	 2768.84	         105473	
 2020/02/04-13:43	 2768.57	 2769.79	 2768.47	 2769.66	         122535	
 2020/02/04-13:44	 2770.14	 2771.91	 2769.79	 2771.91	         132982	
 2020/02/04-13:45	 2772.18	 2773.10	 2771.46	 2772.71	         129489	
 2020/02/04-13:46	 2773.01	 2775.18	 2773.01	 2775.18	         135456	
 2020/02/04-13:47	 2774.83	 2778.40	 2774.83	 2778.40	         150588	
 2020/02/04-13:48	 2778.24	 2779.46	 2778.18	 2779.46	         141059	
 2020/02/04-13:49	 2779.21	 2779.78	 2778.40	 2779.17	         145735	
 2020/02/04-13:50	 2779.23	 2779.81	 2778.95	 2778.97	         132353	
 2020/02/04-13:51	 2779.12	 2779.12	 2778.56	 2778.91	         122299	
 2020/02/04-13:52	 2778.29	 2779.02	 2778.29	 2778.58	         102531	
 2020/02/04-13:53	 2778.72	 2778.72	 2777.95	 2778.30	         112987	
 2020/02/04-13:54	 2778.26	 2778.77	 2777.38	 2778.77	          95476	
 2020/02/04-13:55	 2778.36	 2778.51	 2777.30	 2777.30	         106168	
 2020/02/04-13:56	 2778.31	 2778.31	 2777.46	 2777.52	          92880	
 2020/02/04-13:57	 2777.66	 2777.70	 2776.54	 2776.77	          94968	
 2020/02/04-13:58	 2776.68	 2776.74	 2775.89	 2776.28	          98641	
 2020/02/04-13:59	 2776.00	 2776.37	 2775.72	 2775.91	          90102	
 2020/02/04-14:00	 2775.17	 2776.54	 2774.91	 2776.12	          91212	
 2020/02/04-14:01	 2777.01	 2778.36	 2776.63	 2778.36	         107125	
 2020/02/04-14:02	 2779.18	 2780.94	 2778.86	 2780.94	          98425	
 2020/02/04-14:03	 2780.94	 2782.52	 2780.86	 2782.52	         113475	
 2020/02/04-14:04	 2782.85	 2784.92	 2782.59	 2784.92	         116545	
 2020/02/04-14:05	 2785.18	 2785.43	 2784.45	 2785.43	         127028	
 2020/02/04-14:06	 2785.39	 2785.83	 2784.99	 2785.44	         108068	
 2020/02/04-14:07	 2785.63	 2786.11	 2785.23	 2785.23	          98667	
 2020/02/04-14:08	 2785.27	 2786.12	 2784.88	 2785.39	         100669	
 2020/02/04-14:09	 2784.95	 2785.68	 2784.91	 2784.91	          99064	
 2020/02/04-14:10	 2784.82	 2785.45	 2784.28	 2784.46	         104497	
 2020/02/04-14:11	 2784.59	 2784.59	 2782.83	 2782.83	         119930	
 2020/02/04-14:12	 2782.80	 2782.80	 2781.94	 2782.27	         103228	
 2020/02/04-14:13	 2781.91	 2781.91	 2781.02	 2781.83	          90082	
 2020/02/04-14:14	 2781.37	 2782.05	 2780.87	 2782.05	          90170	
 2020/02/04-14:15	 2782.08	 2782.38	 2781.22	 2782.38	          94253	
 2020/02/04-14:16	 2782.10	 2783.05	 2782.10	 2782.30	          85989	
 2020/02/04-14:17	 2782.82	 2782.82	 2782.01	 2782.82	          83958	
 2020/02/04-14:18	 2782.62	 2783.88	 2782.62	 2783.38	          82139	
 2020/02/04-14:19	 2783.36	 2784.28	 2783.36	 2783.83	          92284	
 2020/02/04-14:20	 2784.06	 2784.50	 2783.39	 2783.47	          87405	
 2020/02/04-14:21	 2784.00	 2784.06	 2783.16	 2783.74	          98336	
 2020/02/04-14:22	 2783.80	 2783.97	 2782.72	 2782.72	          92202	
 2020/02/04-14:23	 2783.16	 2783.16	 2781.80	 2782.42	         103917	
 2020/02/04-14:24	 2781.70	 2781.83	 2780.03	 2780.14	         108399	
 2020/02/04-14:25	 2779.62	 2779.83	 2778.55	 2778.60	         118947	
 2020/02/04-14:26	 2778.94	 2778.94	 2778.28	 2778.60	         100532	
 2020/02/04-14:27	 2778.17	 2778.36	 2777.36	 2777.36	          94070	
 2020/02/04-14:28	 2777.57	 2777.97	 2776.64	 2777.79	         100247	
 2020/02/04-14:29	 2777.20	 2777.45	 2776.71	 2777.35	          92585	
 2020/02/04-14:30	 2777.23	 2777.50	 2776.74	 2777.44	          83840	
 2020/02/04-14:31	 2777.37	 2777.37	 2775.03	 2775.14	         106384	
 2020/02/04-14:32	 2775.46	 2775.79	 2774.93	 2775.79	         103632	
 2020/02/04-14:33	 2775.88	 2776.21	 2775.29	 2776.21	          93945	
 2020/02/04-14:34	 2776.24	 2777.03	 2776.07	 2777.01	         100142	
 2020/02/04-14:35	 2776.93	 2778.43	 2776.75	 2778.28	         100486	
 2020/02/04-14:36	 2778.31	 2779.61	 2778.26	 2779.61	          97068	
 2020/02/04-14:37	 2779.89	 2780.81	 2779.67	 2780.81	          95820	
 2020/02/04-14:38	 2780.92	 2781.70	 2780.47	 2781.70	         102026	
 2020/02/04-14:39	 2781.82	 2783.03	 2781.33	 2783.03	         109900	
 2020/02/04-14:40	 2782.72	 2782.72	 2781.31	 2781.31	         101479	
 2020/02/04-14:41	 2781.89	 2781.89	 2780.57	 2781.65	         108747	
 2020/02/04-14:42	 2781.05	 2781.94	 2780.60	 2780.60	         106096	
 2020/02/04-14:43	 2780.06	 2781.52	 2780.06	 2780.59	         117306	
 2020/02/04-14:44	 2780.28	 2780.75	 2779.70	 2779.96	         111149	
 2020/02/04-14:45	 2780.39	 2780.81	 2779.57	 2780.53	         110765	
 2020/02/04-14:46	 2780.50	 2780.64	 2779.82	 2779.98	         127031	
 2020/02/04-14:47	 2780.74	 2780.74	 2779.77	 2780.26	         122031	
 2020/02/04-14:48	 2780.29	 2781.15	 2780.14	 2780.47	         122886	
 2020/02/04-14:49	 2780.73	 2780.73	 2780.04	 2780.57	         126897	
 2020/02/04-14:50	 2780.36	 2780.86	 2780.23	 2780.81	         128856	
 2020/02/04-14:51	 2781.27	 2782.30	 2781.07	 2782.28	         150532	
 2020/02/04-14:52	 2781.94	 2783.25	 2781.93	 2782.22	         154137	
 2020/02/04-14:53	 2782.95	 2783.37	 2781.93	 2783.06	         158325	
 2020/02/04-14:54	 2782.65	 2783.15	 2782.24	 2782.84	         160576	
 2020/02/04-14:55	 2782.40	 2783.48	 2782.24	 2783.41	         168263	
 2020/02/04-14:56	 2783.04	 2783.69	 2782.71	 2783.44	         181010	
 2020/02/04-14:57	 2783.13	 2784.70	 2783.13	 2784.70	         202473	
 2020/02/04-14:58	 2784.56	 2784.58	 2784.56	 2784.58	           6314	
 2020/02/04-14:59	 2784.58	 2784.58	 2784.58	 2784.58	              0	
 2020/02/04-15:00	 2783.67	 2783.67	 2783.29	 2783.29	         334544	
数据来源:通达信
